0 0.3390625 0.5453125 0.0484375 0.075
0 0.384375 0.5328125 0.0625 0.0875
1 0.50625 0.628125 0.0390625 0.046875
1 0.0984375 0.9625 0.0484375 0.0453125
1 0.19375 0.7078125 0.0296875 0.0390625
1 0.13125 0.9828125 0.0453125 0.034375
1 0.5828125 0.6390625 0.04375 0.040625
1 0.5953125 0.6921875 0.0453125 0.059375
1 0.296875 0.478125 0.0234375 0.03125
1 0.2859375 0.44375 0.0265625 0.034375
1 0.5390625 0.4890625 0.034375 0.0390625
1 0.85625 0.50625 0.028125 0.0421875
1 0.9203125 0.7921875 0.034375 0.0484375
1 0.9515625 0.4859375 0.0296875 0.034375
1 0.8625 0.4109375 0.0296875 0.0390625
1 0.890625 0.3625 0.021875 0.025
1 0.965625 0.453125 0.025 0.0296875
1 0.9703125 0.421875 0.0296875 0.0265625
1 0.978125 0.3890625 0.0234375 0.0296875
1 0.984375 0.3671875 0.028125 0.028125
1 0.728125 0.371875 0.0265625 0.0203125
1 0.7484375 0.3578125 0.0234375 0.021875
1 0.6484375 0.3953125 0.0234375 0.0296875
1 0.6546875 0.334375 0.0265625 0.028125
1 0.6109375 0.2765625 0.0203125 0.0296875
1 0.5140625 0.3453125 0.0296875 0.0359375
1 0.703125 0.3609375 0.025 0.0375
1 0.728125 0.33125 0.025 0.028125
1 0.7421875 0.315625 0.025 0.025