1 0.5512295093749999 0.545787546875 0.5717213125 0.54945055 0.58401639375 0.53113553125 0.5491803281250001 0.4871794875 0.520491803125 0.49450549375 0.518442621875 0.5201465187500001 0.5512295093749999 0.545787546875
1 0.3504098375 0.31135531250000004 0.342213115625 0.289377290625 0.31352459062500004 0.304029303125 0.31762294999999996 0.326007325 0.3504098375 0.31135531250000004
1 0.6270491812500001 0.29304029374999996 0.6229508187499999 0.274725275 0.602459015625 0.274725275 0.6004098375 0.3003663 0.6270491812500001 0.29304029374999996
1 0.9569672125 0.641025640625 0.97336065625 0.622710621875 0.9549180312500001 0.5934065937499999 0.9262295093749999 0.589743590625 0.9180327875 0.6007326 0.9200819687499999 0.61904761875 0.9569672125 0.641025640625
1 0.971311475 0.43956044062500005 0.989754096875 0.428571428125 0.9795081968750001 0.40293040312499995 0.9549180312500001 0.3992674 0.9528688531249999 0.42124542187499997 0.971311475 0.43956044062500005
1 0.125 0.22710622812499998 0.118852459375 0.208791209375 0.10655737812499999 0.208791209375 0.10655737812499999 0.234432234375 0.125 0.22710622812499998
1 0.6147540968749999 0.1868131875 0.6393442625 0.183150184375 0.631147540625 0.164835165625 0.61270491875 0.16849816875 0.60860655625 0.183150184375 0.6147540968749999 0.1868131875
1 0.6762295093749999 0.197802196875 0.68032786875 0.17948717812499998 0.663934425 0.172161171875 0.653688525 0.190476190625 0.661885246875 0.20512820625 0.6762295093749999 0.197802196875
1 0.7008196718749999 0.1868131875 0.6967213125 0.16849816875 0.6885245906249999 0.172161171875 0.684426228125 0.190476190625 0.7008196718749999 0.1868131875
0 0.6495901625 0.190476190625 0.6987704906250001 0.164835165625 0.70491803125 0.14652014687499998 0.702868853125 0.128205128125 0.69262295 0.12454212499999999 0.6393442625 0.139194140625 0.64139344375 0.1868131875 0.6495901625 0.190476190625
1 0.727459015625 0.14652014687499998 0.7254098375 0.13186813125000002 0.713114753125 0.13186813125000002 0.713114753125 0.14285714375 0.727459015625 0.14652014687499998
1 0.756147540625 0.128205128125 0.741803278125 0.12454212499999999 0.745901640625 0.153846153125 0.756147540625 0.128205128125