0 0.3359375 0.53125 0.053125 0.0453125
1 0.1921875 0.7078125 0.040625 0.0484375
1 0.1265625 0.9828125 0.04375 0.034375
1 0.0984375 0.9625 0.04375 0.0609375
1 0.540625 0.490625 0.0359375 0.0453125
1 0.2296875 0.475 0.021875 0.03125
1 0.8546875 0.509375 0.0234375 0.0390625
1 0.875 0.46875 0.0203125 0.0390625
1 0.95 0.4859375 0.0296875 0.0375
1 0.8609375 0.4171875 0.0328125 0.0375
1 0.96875 0.453125 0.0265625 0.034375
1 0.8890625 0.36875 0.0234375 0.0375
1 0.8984375 0.353125 0.028125 0.040625
1 0.9796875 0.3953125 0.021875 0.0296875
1 0.984375 0.36875 0.025 0.03125
1 0.253125 0.3953125 0.01875 0.028125
1 0.2046875 0.3578125 0.0234375 0.028125
1 0.1640625 0.33125 0.0109375 0.0171875
1 0.0984375 0.3296875 0.01875 0.0265625
1 0.1296875 0.3234375 0.0140625 0.0171875
1 0.18125 0.3421875 0.0203125 0.028125
1 0.6484375 0.4 0.028125 0.0375
1 0.653125 0.328125 0.0296875 0.028125
1 0.603125 0.384375 0.0328125 0.0390625
1 0.6984375 0.3578125 0.028125 0.028125
1 0.740625 0.3109375 0.021875 0.0328125
1 0.8875 0.2390625 0.0265625 0.0359375
1 0.959375 0.2328125 0.0140625 0.0265625