0 0.328125 0.2 0.078125 0.06875
0 0.634375 0.1890625 0.08125 0.06875
0 0.090625 0.2046875 0.028125 0.053125
1 0.2234375 0.409375 0.046875 0.05
1 0.6171875 0.5578125 0.059375 0.06875
1 0.7828125 0.6984375 0.08125 0.096875
1 0.8578125 0.5625 0.053125 0.065625
1 0.8671875 0.521875 0.053125 0.06875
1 0.8640625 0.4859375 0.04375 0.05
1 0.9546875 0.5421875 0.059375 0.05625
1 0.940625 0.5703125 0.0625 0.05
1 0.9328125 0.6 0.05 0.05
1 0.6203125 0.265625 0.04375 0.0375
1 0.565625 0.24375 0.025 0.03125
1 0.71875 0.16875 0.021875 0.034375
1 0.1296875 0.21875 0.021875 0.0375
1 0.1078125 0.2328125 0.021875 0.034375
1 0.109375 0.196875 0.015625 0.034375
1 0.06875 0.1890625 0.01875 0.025
1 0.0828125 0.1671875 0.021875 0.034375
1 0.053125 0.1765625 0.015625 0.028125
1 0.0640625 0.15625 0.009375 0.03125
1 0.0375 0.1609375 0.0125 0.025
1 0.5109375 0.0984375 0.025 0.0375
1 0.5546875 0.059375 0.03125 0.021875
1 0.571875 0.084375 0.0375 0.025