1 0.3828125 0.4671875 0.0453125 0.0546875
1 0.5765625 0.6046875 0.059375 0.0625
1 0.909375 0.8078125 0.0703125 0.0953125
1 0.515625 0.4265625 0.040625 0.0484375
1 0.4421875 0.4078125 0.0390625 0.040625
1 0.4421875 0.3671875 0.034375 0.0453125
0 0.6203125 0.2734375 0.0546875 0.0734375
1 0.653125 0.296875 0.021875 0.0375
1 0.6703125 0.2734375 0.03125 0.0359375
1 0.696875 0.2671875 0.03125 0.0359375
1 0.8046875 0.240625 0.025 0.0328125
1 0.303125 0.415625 0.0328125 0.04375
1 0.1921875 0.4515625 0.040625 0.0421875
1 0.065625 0.553125 0.0546875 0.0578125
1 0.2296875 0.3640625 0.0359375 0.0375
1 0.2171875 0.396875 0.028125 0.0359375
1 0.184375 0.3546875 0.025 0.0375
1 0.1796875 0.315625 0.03125 0.0453125
1 0.15625 0.3328125 0.034375 0.0375
1 0.321875 0.3203125 0.025 0.0359375
1 0.209375 0.2578125 0.0234375 0.0203125
1 0.2296875 0.2515625 0.028125 0.0265625