1 0.4640625 0.9359375 0.059375 0.06875
1 0.521875 0.953125 0.06875 0.09375
1 0.6140625 0.9203125 0.0625 0.09375
1 0.571875 0.86875 0.05625 0.08125
1 0.515625 0.853125 0.059375 0.075
1 0.6421875 0.8359375 0.053125 0.071875
1 0.678125 0.775 0.05625 0.078125
1 0.6515625 0.7171875 0.046875 0.05625
1 0.653125 0.6625 0.05625 0.065625
1 0.71875 0.6171875 0.053125 0.053125
1 0.990625 0.5578125 0.01875 0.046875
1 0.1671875 0.6515625 0.05 0.05
1 0.0703125 0.6125 0.0375 0.046875
1 0.0484375 0.6015625 0.0375 0.04375
1 0.021875 0.5921875 0.034375 0.05
1 0.171875 0.60625 0.04375 0.046875
1 0.140625 0.6078125 0.040625 0.065625
1 0.10625 0.6078125 0.046875 0.0625
1 0.2171875 0.5609375 0.046875 0.046875
1 0.73125 0.275 0.01875 0.03125
1 0.7046875 0.275 0.025 0.03125
0 0.278125 0.8421875 0.159375 0.203125
0 0.090625 0.9828125 0.0875 0.034375
0 0.1484375 0.5734375 0.115625 0.084375
0 0.6046875 0.6921875 0.06875 0.09375
1 0.721875 0.703125 0.075 0.071875
1 0.115625 0.43125 0.034375 0.0375
1 0.078125 0.446875 0.034375 0.034375