0 0.79375 0.2046875 0.025 0.05
1 0.86875 0.6859375 0.05625 0.0640625
1 0.8625 0.728125 0.0546875 0.059375
1 0.95 0.7375 0.053125 0.0546875
1 0.9328125 0.775 0.0578125 0.0609375
1 0.6359375 0.328125 0.03125 0.0390625
1 0.6265625 0.2953125 0.028125 0.034375
1 0.6578125 0.275 0.025 0.0328125
1 0.6921875 0.259375 0.0234375 0.0234375
1 0.690625 0.28125 0.028125 0.0328125
1 0.7203125 0.25 0.0203125 0.025
1 0.8234375 0.215625 0.0203125 0.0265625
1 0.85625 0.1796875 0.0203125 0.028125
1 0.9015625 0.1625 0.0125 0.01875
1 0.9125 0.175 0.0140625 0.0171875
1 0.2171875 0.5859375 0.0484375 0.0546875
1 0.2859375 0.509375 0.046875 0.0578125
1 0.171875 0.35 0.0234375 0.0421875
1 0.21875 0.3203125 0.025 0.040625
1 0.321875 0.215625 0.0296875 0.028125
1 0.128125 0.159375 0.01875 0.0203125
1 0.175 0.1375 0.0203125 0.021875
1 0.1625 0.1328125 0.0171875 0.015625
1 0.1484375 0.128125 0.015625 0.0171875
1 0.1375 0.11875 0.0171875 0.0171875
1 0.0828125 0.1734375 0.015625 0.025