1 0.8296875 0.6265625 0.05 0.0625
1 0.84375 0.596875 0.0375 0.0515625
0 0.9046875 0.590625 0.1390625 0.125
1 0.9015625 0.6671875 0.053125 0.0515625
1 0.93125 0.6453125 0.0609375 0.06875
1 0.9765625 0.7078125 0.046875 0.0609375
1 0.6078125 0.2859375 0.025 0.0375
1 0.628125 0.29375 0.0125 0.028125
1 0.6578125 0.28125 0.025 0.0328125
1 0.6421875 0.2984375 0.0203125 0.0359375
1 0.7125 0.265625 0.0234375 0.0265625
1 0.165625 0.303125 0.0375 0.03125
1 0.1453125 0.3171875 0.0203125 0.040625
1 0.1265625 0.303125 0.021875 0.0234375
1 0.1453125 0.2828125 0.0203125 0.03125
1 0.10625 0.2765625 0.0203125 0.0296875
1 0.1234375 0.2765625 0.0140625 0.0296875
1 0.0921875 0.2671875 0.0109375 0.0328125
1 0.103125 0.24375 0.01875 0.03125
1 0.084375 0.2515625 0.0171875 0.0203125
1 0.090625 0.240625 0.015625 0.0234375
1 0.075 0.240625 0.0125 0.0234375
1 0.0828125 0.2265625 0.0125 0.0234375
1 0.0625 0.221875 0.0140625 0.0234375
1 0.071875 0.2140625 0.009375 0.0171875