0 0.765625 0.7015625 0.24375 0.3984375
0 0.2828125 0.2 0.1625 0.1703125
0 0.0296875 0.1265625 0.0515625 0.08125
1 0.2703125 0.265625 0.090625 0.1
1 0.321875 0.390625 0.0921875 0.1296875
1 0.528125 0.4125 0.1 0.10625
1 0.7546875 0.5640625 0.125 0.1375
1 0.95625 0.7203125 0.0859375 0.146875
1 0.1125 0.228125 0.0546875 0.0625
1 0.0609375 0.1265625 0.03125 0.0484375
1 0.1328125 0.1484375 0.04375 0.0484375
1 0.446875 0.1078125 0.0640625 0.034375
1 0.4640625 0.08125 0.0546875 0.028125
1 0.5484375 0.1515625 0.05625 0.0484375