1 0.0953125 0.8640625 0.065625 0.0734375
1 0.81875 0.68125 0.0578125 0.071875
1 0.93125 0.7578125 0.0578125 0.084375
1 0.8015625 0.6296875 0.0609375 0.0796875
1 0.5015625 0.4671875 0.0328125 0.046875
1 0.43125 0.4375 0.0390625 0.0453125
1 0.196875 0.36875 0.028125 0.04375
1 0.2078125 0.340625 0.028125 0.0484375
1 0.225 0.3234375 0.0296875 0.0484375
1 0.309375 0.3328125 0.03125 0.0375
1 0.1875 0.2953125 0.0234375 0.034375
1 0.171875 0.284375 0.01875 0.0265625
1 0.1609375 0.2703125 0.021875 0.034375
1 0.10625 0.278125 0.025 0.0390625
1 0.046875 0.18125 0.015625 0.021875
1 0.0484375 0.16875 0.0140625 0.021875
1 0.0328125 0.16875 0.0171875 0.021875
1 0.7796875 0.2359375 0.0296875 0.028125
1 0.7546875 0.2265625 0.025 0.0328125
1 0.903125 0.1765625 0.01875 0.0171875
1 0.7328125 0.2375 0.021875 0.028125
1 0.71875 0.2640625 0.025 0.034375
1 0.7078125 0.25 0.028125 0.028125
1 0.7109375 0.29375 0.0234375 0.034375
0 0.671875 0.30625 0.0484375 0.0546875
1 0.678125 0.2640625 0.028125 0.0328125
1 0.65 0.296875 0.0265625 0.0375
0 0.6203125 0.284375 0.0625 0.0703125