1 0.678125 0.7796875 0.0484375 0.0546875
1 0.7875 0.884375 0.075 0.0765625
1 0.7984375 0.8390625 0.0671875 0.059375
1 0.9265625 0.925 0.071875 0.065625
1 0.5734375 0.71875 0.053125 0.0546875
1 0.553125 0.6734375 0.046875 0.059375
1 0.4671875 0.7046875 0.0421875 0.040625
1 0.4609375 0.6671875 0.0453125 0.046875
1 0.40625 0.63125 0.0421875 0.04375
1 0.3203125 0.6171875 0.0421875 0.04375
1 0.3328125 0.571875 0.0328125 0.0375
1 0.3390625 0.6 0.0328125 0.028125
1 0.2265625 0.55 0.0265625 0.046875
1 0.1640625 0.5421875 0.0234375 0.0328125
1 0.1796875 0.521875 0.0203125 0.034375
1 0.1984375 0.509375 0.0265625 0.05
1 0.171875 0.5015625 0.03125 0.0421875
0 0.1859375 0.6328125 0.103125 0.1140625
0 0.9140625 0.8328125 0.1703125 0.184375
0 0.690625 0.7328125 0.159375 0.1234375
0 0.40625 0.5640625 0.1015625 0.0921875
0 0.26875 0.5109375 0.109375 0.084375