1 0.865625 0.6765625 0.05625 0.0671875
1 0.946875 0.73125 0.05625 0.0671875
1 0.565625 0.5375 0.04375 0.0453125
1 0.4734375 0.646875 0.053125 0.0640625
1 0.4421875 0.5890625 0.0453125 0.0609375
1 0.3578125 0.6421875 0.0515625 0.040625
1 0.2609375 0.7640625 0.075 0.05
1 0.2296875 0.7140625 0.0765625 0.0671875
1 0.0734375 0.88125 0.0546875 0.0828125
1 0.346875 0.475 0.0421875 0.04375
1 0.5015625 0.3890625 0.0375 0.0375
1 0.4609375 0.5046875 0.025 0.0546875
1 0.465625 0.35 0.046875 0.0296875
1 0.55 0.3265625 0.0390625 0.034375
1 0.6140625 0.3046875 0.0421875 0.0296875
1 0.6234375 0.340625 0.0375 0.0125
1 0.7046875 0.2890625 0.0203125 0.0296875
1 0.15625 0.2328125 0.025 0.0296875
1 0.1234375 0.203125 0.021875 0.0203125
1 0.0734375 0.2328125 0.0265625 0.040625
1 0.7453125 0.234375 0.021875 0.0484375
1 0.8140625 0.203125 0.01875 0.0265625
1 0.071875 0.175 0.0234375 0.0390625
1 0.040625 0.19375 0.01875 0.025
0 0.0890625 0.6140625 0.0859375 0.0796875
0 0.7265625 0.3625 0.0609375 0.1125
1 0.778125 0.2859375 0.0109375 0.040625
1 0.88125 0.175 0.015625 0.0328125
1 0.934375 0.153125 0.0140625 0.0234375
1 0.928125 0.140625 0.0234375 0.0203125