1 0.2 0.2984375 0.0296875 0.0421875
1 0.053125 0.1828125 0.01875 0.034375
1 0.2234375 0.3515625 0.03125 0.0359375
1 0.425 0.4265625 0.0546875 0.059375
1 0.4796875 0.4640625 0.028125 0.0453125
1 0.571875 0.4875 0.04375 0.0421875
1 0.865625 0.6765625 0.05 0.059375
1 0.9390625 0.71875 0.05 0.0640625
1 0.9125 0.7578125 0.0609375 0.0734375
1 0.8375 0.7 0.0578125 0.0671875
0 0.459375 0.6203125 0.1734375 0.1375
1 0.6265625 0.290625 0.0375 0.0484375
1 0.6671875 0.2640625 0.034375 0.059375
1 0.7046875 0.2515625 0.028125 0.0375
1 0.740625 0.2296875 0.025 0.0390625
1 0.7609375 0.2203125 0.0265625 0.0390625
1 0.784375 0.2125 0.0265625 0.034375