0 0.43125 0.3734375 0.13125 0.1
0 0.5015625 0.3296875 0.125 0.128125
0 0.1921875 0.1734375 0.053125 0.05625
0 0.621875 0.1484375 0.06875 0.06875
0 0.715625 0.1 0.05 0.040625
1 0.05625 0.13125 0.01875 0.021875
1 0.6703125 0.1328125 0.025 0.028125
1 0.6421875 0.1671875 0.03125 0.034375
1 0.6703125 0.153125 0.025 0.01875
1 0.790625 0.0890625 0.01875 0.028125
1 0.853125 0.05 0.015625 0.021875
1 0.7375 0.1734375 0.028125 0.028125
1 0.8984375 0.3625 0.03125 0.04375
1 0.959375 0.3640625 0.046875 0.059375
1 0.4703125 0.1 0.028125 0.0375
1 0.5265625 0.0765625 0.034375 0.034375