1 0.446875 0.8875 0.1375 0.1609375
1 0.540625 0.5578125 0.10625 0.1484375
1 0.6484375 0.5796875 0.1046875 0.128125
1 0.734375 0.5 0.078125 0.1140625
1 0.7984375 0.434375 0.0671875 0.096875
1 0.8390625 0.3046875 0.071875 0.0828125
1 0.9046875 0.4265625 0.0578125 0.0953125
1 0.853125 0.378125 0.0671875 0.075
1 0.909375 0.328125 0.0453125 0.075
1 0.9140625 0.2484375 0.05 0.0703125
1 0.946875 0.284375 0.040625 0.0765625
1 0.9796875 0.3296875 0.040625 0.084375
1 0.9859375 0.2421875 0.028125 0.0640625
1 0.321875 0.3140625 0.0671875 0.10625
1 0.259375 0.259375 0.0625 0.090625
1 0.15 0.1609375 0.0390625 0.071875