1 0.895688853125 0.6185242093750001 0.90261998125 0.57616639375 0.8438751343750001 0.540711403125 0.8298621624999999 0.55179099375 0.834734659375 0.580099175 0.879133640625 0.6234664875 0.895688853125 0.6185242093750001
1 0.787341278125 0.30968643125 0.7568641781250001 0.2904739125 0.720666621875 0.30708745312499997 0.724873334375 0.3290611 0.7390072062499999 0.3371823375 0.77929056875 0.32334161875 0.787341278125 0.30968643125
1 0.9175438281250001 0.212742946875 0.90207838125 0.191952640625 0.8665466125 0.21490071249999998 0.866334625 0.23093427187499999 0.8901836718749999 0.241236659375 0.9120353625 0.23253544062499998 0.9175438281250001 0.212742946875
1 0.9674214624999999 0.181882546875 0.9570405 0.173366865625 0.92305229375 0.19295044687500001 0.9225074125000001 0.2058167375 0.93322126875 0.21749969062500002 0.969418821875 0.20088615 0.9674214624999999 0.181882546875
1 0.39376904375 0.427906678125 0.39543351250000003 0.4437430125 0.409779375 0.435830690625 0.4046948875 0.423556065625 0.39376904375 0.427906678125
1 0.4376546 0.34003546875 0.412806871875 0.32023128125 0.3884129375 0.3227951875 0.38223868437499997 0.33625315312500004 0.39086409375 0.364166884375 0.43943996875 0.375072634375 0.4376546 0.34003546875
1 0.42709146562500006 0.401988559375 0.4054517625 0.39465621562500003 0.356451903125 0.41581758750000003 0.350277653125 0.429275546875 0.3553621375 0.441550171875 0.43229685 0.433464009375 0.42709146562500006 0.401988559375
1 0.356180284375 0.322980721875 0.356059384375 0.303779896875 0.340926828125 0.28615685625 0.307695496875 0.2768405875 0.30306480625 0.286934059375 0.311690215625 0.31484779375 0.33653794375 0.33465198125 0.356180284375 0.322980721875
1 0.28626778750000004 0.253474684375 0.26892588125 0.23288160000000002 0.25049421562499996 0.23802110625 0.253157359375 0.263359240625 0.27237571875 0.2837551 0.2860558 0.26950824375 0.28626778750000004 0.253474684375
1 0.23590654375 0.207531775 0.22077398750000002 0.189908734375 0.20763879375 0.1912893 0.20400678437500003 0.210884575 0.213509965625 0.229099284375 0.240113253125 0.22950542187499998 0.23590654375 0.207531775
1 0.16357270625 0.151089253125 0.17098744375 0.18553474375 0.1969249375 0.17960635 0.17637500625 0.14654142187500002 0.16357270625 0.151089253125
1 0.116964371875 0.104751896875 0.12404621874999999 0.13603012187500002 0.1462308 0.13049616875 0.13385248125 0.10297688437500001 0.116964371875 0.104751896875
1 0.101378021875 0.0647607625 0.084157021875 0.063368509375 0.07952633125 0.07346198125 0.090905971875 0.091479465625 0.10900475000000001 0.083172696875 0.101378021875 0.0647607625
0 0.29023433125000003 0.03850665625 0.279187584375 0.023656434375 0.2338197375 0.025222534375 0.23648288125 0.05056066875 0.2657493125 0.076304946875 0.29389615625 0.07334659375 0.29023433125000003 0.03850665625
1 0.07289828125 0.06455185 0.077861865625 0.05762564375 0.0724444875 0.042183756249999996 0.053679921875 0.044155990625 0.055011493749999994 0.056825059375 0.07289828125 0.06455185