0 0.621875 0.8046875 0.075 0.1671875
0 0.440625 0.5875 0.096875 0.115625
0 0.178125 0.4984375 0.0921875 0.071875
0 0.0859375 0.5171875 0.084375 0.075
0 0.6796875 0.3828125 0.0265625 0.078125
0 0.8015625 0.5359375 0.1078125 0.115625
1 0.5203125 0.8015625 0.046875 0.0546875
1 0.4796875 0.846875 0.053125 0.06875
1 0.5484375 0.840625 0.05 0.0828125
1 0.5734375 0.9234375 0.05 0.0765625
1 0.5015625 0.9109375 0.046875 0.0703125
1 0.3734375 0.9609375 0.078125 0.078125
1 0.4375 0.909375 0.0546875 0.08125
1 0.4578125 0.9546875 0.0625 0.090625
1 0.5203125 0.98125 0.053125 0.0375
1 0.978125 0.5765625 0.04375 0.05625
1 0.9328125 0.6140625 0.053125 0.0484375
1 0.9046875 0.6 0.05 0.0515625
1 0.8546875 0.61875 0.0421875 0.059375
1 0.7015625 0.559375 0.046875 0.046875
1 0.65 0.5921875 0.05625 0.0453125
1 0.584375 0.55 0.0515625 0.0484375
1 0.565625 0.5640625 0.0484375 0.0484375
1 0.5046875 0.54375 0.04375 0.0484375
1 0.5359375 0.459375 0.046875 0.0453125
1 0.6125 0.4296875 0.0234375 0.04375
1 0.6421875 0.4046875 0.025 0.0421875
1 0.665625 0.4140625 0.0171875 0.0359375
1 0.6875 0.409375 0.0203125 0.0453125
1 0.71875 0.4234375 0.021875 0.0453125
1 0.1578125 0.61875 0.053125 0.03125
1 0.084375 0.603125 0.0421875 0.0484375
1 0.0265625 0.6015625 0.0484375 0.065625
1 0.1609375 0.565625 0.0421875 0.059375
1 0.209375 0.534375 0.040625 0.0359375
1 0.35 0.56875 0.04375 0.0578125
1 0.3296875 0.5421875 0.0390625 0.0578125
1 0.2640625 0.5546875 0.05625 0.0421875
1 0.0140625 0.5171875 0.0265625 0.046875
1 0.7484375 0.39375 0.0203125 0.03125
1 0.7625 0.3625 0.015625 0.025
1 0.778125 0.3421875 0.01875 0.025
1 0.7015625 0.3765625 0.0265625 0.0265625
1 0.728125 0.3515625 0.021875 0.04375
1 0.75 0.3359375 0.0203125 0.028125