1 0.21428571562499998 0.589595375 0.23492063437500002 0.5693641625 0.25079365 0.5693641625 0.253968253125 0.5433526 0.247619046875 0.526011559375 0.233333334375 0.526011559375 0.203174603125 0.55491329375 0.207936509375 0.586705203125 0.21428571562499998 0.589595375
1 0.48125 0.45625 0.0234375 0.0796875
1 0.4984375 0.5390625 0.0546875 0.040625
1 0.4578125 0.634375 0.0609375 0.0390625
1 0.1671875 0.7625 0.06875 0.0453125
1 0.2296875 0.7734375 0.0625 0.0578125
1 0.8484375 0.69375 0.0546875 0.0828125
1 0.8515625 0.640625 0.059375 0.0640625
1 0.940625 0.7546875 0.05625 0.0796875
1 0.171875 0.3421875 0.03125 0.05
1 0.1578125 0.2140625 0.0171875 0.0359375
1 0.5578125 0.3796875 0.0421875 0.0328125
1 0.6203125 0.3046875 0.0375 0.0328125
1 0.765625 0.2609375 0.040625 0.034375
1 0.7953125 0.2109375 0.0375 0.0453125
1 0.89375 0.175 0.0171875 0.034375
0 0.1109375 0.178125 0.028125 0.0484375
0 0.21875 0.2515625 0.034375 0.059375
0 0.6046875 0.4875 0.0671875 0.0640625
0 0.734375 0.346875 0.05 0.11875