1 0.4484375 0.3578125 0.103125 0.103125
1 0.3453125 0.4359375 0.109375 0.125
1 0.3015625 0.2734375 0.078125 0.0875
1 0.403125 0.1421875 0.065625 0.05625
1 0.3984375 0.10625 0.05625 0.05
1 0.45625 0.071875 0.053125 0.053125
1 0.5109375 0.0578125 0.046875 0.04375
1 0.5125 0.1421875 0.0625 0.05625
1 0.065625 0.25625 0.05 0.05625
1 0.115625 0.2265625 0.059375 0.059375
0 0.9 0.5828125 0.2 0.278125
0 0.9109375 0.8015625 0.178125 0.328125
0 0.0421875 0.1671875 0.084375 0.103125
0 0.35625 0.0984375 0.096875 0.08125