1 0.6203125 0.8546875 0.075 0.115625
1 0.6890625 0.7671875 0.065625 0.103125
1 0.73125 0.684375 0.04375 0.103125
1 0.934375 0.7484375 0.06875 0.09375
1 0.540625 0.9515625 0.078125 0.096875
1 0.7453125 0.5796875 0.0625 0.075
1 0.721875 0.6125 0.05 0.071875
1 0.640625 0.5625 0.0625 0.078125
1 0.6796875 0.5375 0.059375 0.084375
1 0.609375 0.503125 0.059375 0.078125
1 0.55 0.50625 0.053125 0.071875
1 0.3734375 0.4890625 0.053125 0.075
1 0.2203125 0.3765625 0.04375 0.065625
1 0.396875 0.4390625 0.046875 0.059375
1 0.4484375 0.471875 0.05 0.05625
1 0.496875 0.4703125 0.046875 0.059375
1 0.4375 0.4296875 0.046875 0.05625
1 0.4609375 0.4109375 0.04375 0.053125
1 0.6875 0.31875 0.046875 0.065625
1 0.70625 0.3140625 0.0375 0.05625
1 0.721875 0.2984375 0.040625 0.05625
1 0.7515625 0.278125 0.040625 0.05
1 0.7640625 0.259375 0.0375 0.05
1 0.75625 0.346875 0.046875 0.071875
1 0.7953125 0.3296875 0.040625 0.05
1 0.8296875 0.303125 0.034375 0.05625
1 0.8546875 0.2734375 0.03125 0.053125
1 0.88125 0.2546875 0.034375 0.046875
1 0.9109375 0.2375 0.03125 0.05625
1 0.925 0.215625 0.03125 0.053125
1 0.109375 0.384375 0.034375 0.05625
1 0.08125 0.3296875 0.0375 0.05
1 0.078125 0.2890625 0.03125 0.05625
0 0.3 0.525 0.096875 0.153125
0 0.196875 0.440625 0.10625 0.159375
0 0.3171875 0.4375 0.05 0.09375
0 0.5203125 0.425 0.06875 0.11875
0 0.2078125 0.2421875 0.075 0.084375
1 0.2734375 0.421875 0.040625 0.059375
1 0.346875 0.4125 0.046875 0.059375
1 0.340625 0.36875 0.040625 0.059375
1 0.3515625 0.34375 0.04375 0.059375
1 0.3921875 0.4015625 0.040625 0.046875
1 0.4078125 0.3796875 0.040625 0.05625
1 0.89375 0.1671875 0.034375 0.05
1 0.9421875 0.19375 0.028125 0.040625
1 0.9328125 0.128125 0.028125 0.046875
1 0.9 0.1015625 0.028125 0.053125
1 0.1453125 0.38125 0.0375 0.059375
1 0.1140625 0.35 0.034375 0.046875
1 0.146875 0.3359375 0.040625 0.053125
1 0.2953125 0.3828125 0.04375 0.046875
1 0.2890625 0.3484375 0.040625 0.05625
1 0.303125 0.3234375 0.040625 0.05625
1 0.253125 0.35 0.040625 0.059375
1 0.253125 0.3171875 0.0375 0.05
1 0.2140625 0.328125 0.0375 0.046875
1 0.2453125 0.2921875 0.0375 0.04375
1 0.171875 0.290625 0.034375 0.059375
1 0.13125 0.2703125 0.0375 0.05
1 0.15 0.2390625 0.03125 0.046875
1 0.11875 0.2046875 0.03125 0.05
1 0.034375 0.2109375 0.01875 0.03125
1 0.0546875 0.2234375 0.025 0.0375