1 0.5625 0.4921875 0.115625 0.121875
1 0.61875 0.4703125 0.115625 0.115625
1 0.753125 0.6046875 0.134375 0.134375
1 0.9171875 0.7421875 0.128125 0.15
1 0.8890625 0.8171875 0.159375 0.165625
1 0.440625 0.14375 0.071875 0.0625
1 0.465625 0.109375 0.05 0.05
1 0.496875 0.0796875 0.05 0.04375
1 0.5359375 0.090625 0.05625 0.046875
1 0.59375 0.1546875 0.0625 0.059375
1 0.3125 0.1484375 0.071875 0.059375
1 0.365625 0.1140625 0.059375 0.05
1 0.390625 0.0859375 0.0625 0.05625
1 0.603125 0.0703125 0.053125 0.046875
1 0.2546875 0.1375 0.065625 0.059375
1 0.23125 0.0953125 0.06875 0.05
1 0.1078125 0.0734375 0.034375 0.05
1 0.0671875 0.0765625 0.0375 0.040625
0 0.1515625 0.0671875 0.05 0.05625