1 0.6375 0.8015625 0.05625 0.059375
1 0.73125 0.9203125 0.084375 0.0875
1 0.7484375 0.8765625 0.075 0.06875
1 0.8625 0.9703125 0.08125 0.059375
1 0.5421875 0.7265625 0.059375 0.0625
1 0.528125 0.6796875 0.053125 0.065625
1 0.4390625 0.6984375 0.046875 0.046875
1 0.4375 0.659375 0.05 0.053125
1 0.3890625 0.6171875 0.046875 0.05
1 0.30625 0.590625 0.046875 0.05
1 0.325 0.5484375 0.0375 0.040625
1 0.3265625 0.5765625 0.0375 0.03125
1 0.221875 0.5109375 0.034375 0.05
1 0.1609375 0.4953125 0.028125 0.034375
1 0.1796875 0.4765625 0.025 0.0375
1 0.2 0.4671875 0.034375 0.053125
1 0.175 0.45625 0.0375 0.046875
0 0.1703125 0.5875 0.11875 0.128125
0 0.8640625 0.8875 0.19375 0.20625
0 0.65625 0.7578125 0.175 0.14375
0 0.3984375 0.55 0.1125 0.10625
0 0.26875 0.478125 0.11875 0.1