1 0.671875 0.403125 0.0328125 0.0453125
1 0.8484375 0.7046875 0.059375 0.075
1 0.059375 0.828125 0.0546875 0.0453125
1 0.084375 0.88125 0.0859375 0.04375
1 0.0140625 0.928125 0.028125 0.0453125
1 0.6453125 0.3046875 0.03125 0.040625
1 0.6765625 0.309375 0.0234375 0.0359375
1 0.85625 0.1921875 0.0234375 0.0203125
0 0.8625 0.2203125 0.0453125 0.0578125
1 0.071875 0.19375 0.021875 0.021875
1 0.025 0.134375 0.015625 0.0296875
1 0.121875 0.1984375 0.025 0.0390625
1 0.2265625 0.5046875 0.0375 0.0828125
1 0.915625 0.19375 0.0140625 0.0359375
1 0.9265625 0.178125 0.015625 0.040625
1 0.9546875 0.178125 0.0203125 0.0359375