1 0.1125 0.85 0.0625 0.071875
1 0.21875 0.5453125 0.0328125 0.053125
1 0.24375 0.49375 0.025 0.0515625
1 0.2453125 0.4421875 0.028125 0.046875
1 0.3515625 0.4171875 0.0375 0.046875
1 0.4296875 0.4234375 0.0390625 0.0421875
1 0.453125 0.4640625 0.0484375 0.05625
1 0.6921875 0.4046875 0.0265625 0.0421875
1 0.6296875 0.2890625 0.0265625 0.0375
1 0.646875 0.30625 0.021875 0.03125
1 0.678125 0.303125 0.028125 0.0328125
1 0.6625 0.2734375 0.0265625 0.0296875
1 0.709375 0.284375 0.025 0.0359375
1 0.7265625 0.2453125 0.0203125 0.028125
1 0.8625 0.190625 0.0171875 0.01875
1 0.9765625 0.140625 0.0109375 0.0140625
1 0.328125 0.3640625 0.028125 0.0390625
1 0.2921875 0.371875 0.0328125 0.0421875
1 0.2671875 0.3921875 0.0296875 0.0484375
1 0.2046875 0.38125 0.0296875 0.0328125
1 0.2078125 0.346875 0.021875 0.0375
1 0.2421875 0.3390625 0.0265625 0.0390625
1 0.253125 0.3125 0.025 0.028125
1 0.3203125 0.2171875 0.0265625 0.03125
1 0.278125 0.19375 0.025 0.03125
1 0.2234375 0.1640625 0.0234375 0.025
1 0.14375 0.1625 0.015625 0.01875
1 0.1296875 0.159375 0.0171875 0.01875
1 0.1625 0.1328125 0.01875 0.021875
1 0.1484375 0.128125 0.0140625 0.015625
1 0.1359375 0.1203125 0.0203125 0.01875
1 0.15625 0.33125 0.0234375 0.0375
1 0.1953125 0.303125 0.01875 0.028125
1 0.1875 0.2625 0.0203125 0.0265625
1 0.1578125 0.26875 0.01875 0.028125
1 0.121875 0.2921875 0.01875 0.0296875
1 0.125 0.2671875 0.021875 0.03125
1 0.1140625 0.2328125 0.0140625 0.0234375
1 0.0703125 0.2125 0.0140625 0.0203125
1 0.0875 0.2078125 0.0140625 0.0234375
0 0.7609375 0.309375 0.0328125 0.053125
0 0.9625 0.178125 0.025 0.040625
0 0.046875 0.1828125 0.01875 0.0296875