1 0.824528303125 0.61464968125 0.86415094375 0.66242038125 0.881132075 0.65923566875 0.89245283125 0.61783439375 0.83773585 0.576433121875 0.8226415093749999 0.5859872625 0.824528303125 0.61464968125
1 0.75471698125 0.363057325 0.796226415625 0.353503184375 0.805660378125 0.34076433125 0.777358490625 0.3184713375 0.739622640625 0.331210190625 0.7415094343749999 0.353503184375 0.75471698125 0.363057325
1 0.9150943406250001 0.283439490625 0.9377358499999999 0.2770700625 0.94528301875 0.257961784375 0.9320754718750001 0.23566879062499999 0.8943396218749999 0.25477706875 0.89245283125 0.2707006375 0.9150943406250001 0.283439490625
1 0.960377359375 0.264331209375 0.99811320625 0.25159235625 0.99811320625 0.23248407499999998 0.98867924375 0.2229299375 0.9528301875 0.238853503125 0.9509433968750001 0.25159235625 0.960377359375 0.264331209375
1 0.41698113125 0.42675159375 0.413207546875 0.41401273749999995 0.40188679374999997 0.417197453125 0.40188679374999997 0.43312101875 0.41698113125 0.42675159375
1 0.405660378125 0.353503184375 0.45283018750000004 0.369426753125 0.45471698125 0.33439490312500003 0.432075471875 0.31210190937500004 0.40754716875 0.31210190937500004 0.4 0.32484076562499997 0.405660378125 0.353503184375
1 0.36226415 0.42675159375 0.439622640625 0.42675159375 0.43773585 0.394904459375 0.41698113125 0.38535031875 0.366037734375 0.401273884375 0.35849056562500003 0.41401273749999995 0.36226415 0.42675159375
1 0.332075471875 0.29617834374999996 0.35471698125 0.3184713375 0.375471696875 0.308917196875 0.377358490625 0.28980891875000003 0.36415094375 0.2707006375 0.332075471875 0.257961784375 0.32641509375 0.267515925 0.332075471875 0.29617834374999996
1 0.29622641562499996 0.261146496875 0.31132075625 0.24840764375000002 0.313207546875 0.23248407499999998 0.29811320625 0.21019108125 0.279245284375 0.213375796875 0.279245284375 0.238853503125 0.29622641562499996 0.261146496875
1 0.243396225 0.20063694375000002 0.269811321875 0.20382165625 0.267924528125 0.1815286625 0.25471698125 0.16242038125 0.241509434375 0.16242038125 0.23584905625000002 0.1815286625 0.243396225 0.20063694375000002
1 0.232075471875 0.149681528125 0.21509434062500002 0.11464968125 0.20188679375000002 0.11783439375 0.20566037812500002 0.152866240625 0.232075471875 0.149681528125
1 0.18679245312499998 0.0955414 0.177358490625 0.06687898125 0.160377359375 0.06687898125 0.16415094375 0.098726115625 0.18679245312499998 0.0955414
1 0.13584905625000002 0.0509554125 0.15471698125 0.0445859875 0.149056603125 0.02547770625 0.132075471875 0.02229299375 0.12641509374999998 0.031847134375 0.13584905625000002 0.0509554125
0 0.31132075625 0.054140128125 0.33962264062499997 0.054140128125 0.33962264062499997 0.01910828125 0.33018867812499997 0.0031847125 0.284905659375 0 0.284905659375 0.02547770625 0.31132075625 0.054140128125
1 0.10377358437499999 0 0.10377358437499999 0.012738853125 0.120754715625 0.02229299375 0.12641509374999998 0.015923565625 0.122641509375 0 0.10377358437499999 0