1 0.8796875 0.64375 0.0625 0.071875
1 0.965625 0.6921875 0.0625 0.071875
1 0.56875 0.53125 0.046875 0.05
1 0.4859375 0.6484375 0.059375 0.06875
1 0.45 0.59375 0.05 0.065625
1 0.3703125 0.6546875 0.05625 0.04375
1 0.284375 0.784375 0.078125 0.05625
1 0.25 0.7375 0.08125 0.075
1 0.1078125 0.9171875 0.0625 0.0875
1 0.3453125 0.4890625 0.046875 0.046875
1 0.4921875 0.3890625 0.040625 0.040625
1 0.4609375 0.5078125 0.028125 0.05625
1 0.453125 0.353125 0.05 0.034375
1 0.534375 0.3234375 0.040625 0.0375
1 0.596875 0.2953125 0.04375 0.034375
1 0.609375 0.33125 0.0375 0.015625
1 0.6859375 0.271875 0.021875 0.03125
1 0.134375 0.2640625 0.028125 0.03125
1 0.0984375 0.2375 0.025 0.021875
1 0.0515625 0.2703125 0.03125 0.04375
1 0.721875 0.2140625 0.025 0.05
1 0.7875 0.1765625 0.021875 0.028125
1 0.0453125 0.2140625 0.028125 0.040625
1 0.015625 0.234375 0.021875 0.025
0 0.1 0.65 0.09375 0.0875
0 0.7140625 0.34375 0.071875 0.11875
1 0.7578125 0.2625 0.015625 0.040625
1 0.8515625 0.14375 0.01875 0.034375
1 0.903125 0.1171875 0.015625 0.025
1 0.8953125 0.1046875 0.025 0.021875