0 0.9046875 0.8609375 0.109375 0.13125
0 0.3390625 0.5453125 0.053125 0.0765625
1 0.5390625 0.4875 0.0296875 0.040625
1 0.190625 0.7078125 0.03125 0.04375
1 0.859375 0.5046875 0.0203125 0.0390625
1 0.8625 0.415625 0.0296875 0.0375
1 0.890625 0.365625 0.0265625 0.028125
1 0.9515625 0.4859375 0.0296875 0.0296875
1 0.965625 0.4515625 0.0234375 0.028125
1 0.9796875 0.3953125 0.0203125 0.0234375
1 0.984375 0.3703125 0.0203125 0.0296875
1 0.1015625 0.9625 0.046875 0.059375
1 0.125 0.978125 0.05 0.04375
1 0.275 0.4609375 0.0234375 0.0328125
1 0.23125 0.4734375 0.021875 0.03125
1 0.2296875 0.43125 0.0234375 0.034375
1 0.1671875 0.3859375 0.0171875 0.021875
1 0.128125 0.359375 0.0171875 0.021875
1 0.6484375 0.4 0.021875 0.03125
1 0.6984375 0.359375 0.0203125 0.028125
1 0.73125 0.375 0.0296875 0.028125
1 0.7484375 0.3578125 0.0265625 0.0265625
1 0.7390625 0.3125 0.028125 0.0265625
1 0.696875 0.2890625 0.0234375 0.0234375
1 0.665625 0.2875 0.021875 0.025
1 0.6578125 0.2953125 0.025 0.01875
1 0.609375 0.2734375 0.025 0.0265625
1 0.7625 0.2890625 0.0234375 0.021875