1 0.3296875 0.4125 0.0375 0.053125
1 0.5125 0.4453125 0.05 0.05625
1 0.846875 0.7140625 0.053125 0.06875
1 0.8859375 0.6859375 0.059375 0.08125
1 0.9171875 0.7515625 0.053125 0.090625
1 0.0953125 0.859375 0.08125 0.053125
1 0.0453125 0.8234375 0.06875 0.065625
1 0.0171875 0.909375 0.034375 0.05625
1 0.709375 0.365625 0.034375 0.05
1 0.6609375 0.2859375 0.0375 0.05
1 0.2515625 0.2828125 0.021875 0.028125
1 0.159375 0.2171875 0.025 0.034375
1 0.1390625 0.19375 0.025 0.046875
1 0.1140625 0.1796875 0.01875 0.025
1 0.0921875 0.1671875 0.015625 0.025
1 0.690625 0.2734375 0.028125 0.0375
1 0.6765625 0.3078125 0.028125 0.040625
1 0.721875 0.2640625 0.03125 0.0375
1 0.75625 0.26875 0.021875 0.0375
1 0.79375 0.2765625 0.01875 0.03125
1 0.8390625 0.2328125 0.0375 0.053125
1 0.796875 0.2125 0.021875 0.025
1 0.859375 0.20625 0.021875 0.021875
1 0.9171875 0.1671875 0.015625 0.021875