1 0.66875 0.9 0.059375 0.078125
1 0.6609375 0.8296875 0.05 0.06875
1 0.6890625 0.7828125 0.05 0.075
1 0.6171875 0.75625 0.06875 0.078125
0 0.3859375 0.55 0.109375 0.109375
0 0.21875 0.496875 0.10625 0.090625
0 0.1078125 0.453125 0.059375 0.075
1 0.3578125 0.7015625 0.0375 0.05625
1 0.2921875 0.7328125 0.046875 0.059375
1 0.253125 0.703125 0.03125 0.05
1 0.2125 0.6703125 0.04375 0.05625
1 0.1546875 0.6359375 0.03125 0.053125
1 0.3109375 0.709375 0.040625 0.05
1 0.1171875 0.5671875 0.040625 0.059375
1 0.053125 0.5203125 0.03125 0.04375
1 0.1734375 0.6078125 0.034375 0.05625
1 0.2015625 0.590625 0.04375 0.06875
1 0.2609375 0.6671875 0.0375 0.0625
1 0.25625 0.628125 0.0375 0.065625