1 0.7359375 0.5546875 0.13125 0.115625
1 0.9390625 0.684375 0.1140625 0.134375
1 0.7 0.7109375 0.15 0.1875
1 0.31875 0.21875 0.0484375 0.065625
1 0.315625 0.2890625 0.0625 0.071875
1 0.4296875 0.0890625 0.0546875 0.0484375
1 0.5046875 0.096875 0.0515625 0.04375
1 0.5328125 0.075 0.0375 0.0390625
1 0.5671875 0.065625 0.025 0.04375
1 0.2265625 0.2421875 0.078125 0.0703125
1 0.190625 0.196875 0.065625 0.0578125
1 0.1203125 0.1671875 0.0453125 0.0640625
1 0.0859375 0.1453125 0.0359375 0.0578125
1 0.059375 0.134375 0.0265625 0.04375
1 0.0203125 0.1375 0.0265625 0.046875
1 0.0125 0.096875 0.01875 0.0375
1 0.1203125 0.1265625 0.0359375 0.0328125
1 0.01875 0.3296875 0.0359375 0.0578125
0 0.2921875 0.3453125 0.1296875 0.1796875
0 0.2140625 0.1546875 0.0796875 0.084375
0 0.04375 0.10625 0.0375 0.06875