0 0.01875 0.1171875 0.0359375 0.0828125
0 0.5859375 0.425 0.165625 0.16875
0 0.7875 0.55625 0.2140625 0.253125
1 0.025 0.284375 0.05 0.0625
1 0.1109375 0.278125 0.08125 0.071875
1 0.1140625 0.2328125 0.0734375 0.059375
1 0.3703125 0.16875 0.0640625 0.0515625
1 0.4703125 0.134375 0.053125 0.053125
1 0.5484375 0.146875 0.0546875 0.05
1 0.5109375 0.0703125 0.04375 0.0421875
1 0.4953125 0.4375 0.1125 0.1171875
1 0.265625 0.1234375 0.06875 0.0625
1 0.3875 0.103125 0.0546875 0.05
1 0.1484375 0.1359375 0.0546875 0.0625
1 0.0984375 0.121875 0.0390625 0.04375
1 0.0484375 0.1234375 0.0328125 0.0421875
1 0.065625 0.096875 0.025 0.0390625