1 0.8328125 0.7640625 0.0875 0.096875
1 0.546875 0.6234375 0.0625 0.084375
1 0.61875 0.6203125 0.0625 0.06875
1 0.4015625 0.546875 0.046875 0.05625
1 0.5171875 0.4390625 0.046875 0.05
1 0.4546875 0.4671875 0.05 0.05
1 0.3375 0.434375 0.040625 0.034375
1 0.4140625 0.390625 0.1125 0.1
1 0.3296875 0.365625 0.040625 0.04375
1 0.2875 0.34375 0.03125 0.0375
1 0.30625 0.4875 0.04375 0.05625
1 0.23125 0.396875 0.04375 0.0375
1 0.1765625 0.415625 0.03125 0.05
1 0.140625 0.390625 0.028125 0.0375
1 0.175 0.4671875 0.028125 0.0375
1 0.5796875 0.2734375 0.034375 0.0375
1 0.1109375 0.375 0.03125 0.05
1 0.0734375 0.35 0.025 0.025
1 0.040625 0.3234375 0.021875 0.03125
1 0.1578125 0.2859375 0.021875 0.01875