1 0.640625 0.6 0.075 0.084375
1 0.8703125 0.5359375 0.065625 0.0625
1 0.8765625 0.5 0.053125 0.05
1 0.90625 0.3765625 0.028125 0.040625
1 0.4953125 0.3375 0.04375 0.04375
1 0.309375 0.3640625 0.034375 0.046875
1 0.2125 0.5046875 0.059375 0.05625
1 0.2140625 0.5890625 0.059375 0.046875
1 0.034375 0.7 0.04375 0.075
1 0.165625 0.1859375 0.025 0.028125
1 0.14375 0.1578125 0.025 0.028125
1 0.0921875 0.125 0.021875 0.028125
1 0.4828125 0.1015625 0.0375 0.040625
1 0.634375 0.184375 0.028125 0.03125
1 0.6625 0.16875 0.025 0.028125
1 0.790625 0.1078125 0.021875 0.021875
1 0.86875 0.053125 0.015625 0.01875
1 0.584375 0.265625 0.03125 0.040625
1 0.678125 0.2171875 0.028125 0.03125
0 0.625 0.2640625 0.0875 0.1
0 0.7234375 0.2078125 0.075 0.078125
0 0.8046875 0.153125 0.046875 0.065625
0 0.6921875 0.1296875 0.059375 0.05625
0 0.63125 0.153125 0.0625 0.0625
0 0.1015625 0.23125 0.04375 0.06875