0 0.609375 0.2859375 0.125 0.096875
1 0.1671875 0.88125 0.08125 0.08125
1 0.125 0.8625 0.071875 0.0625
1 0.0796875 0.9578125 0.065625 0.084375
1 0.3765625 0.4296875 0.05 0.065625
0 0.55625 0.484375 0.09375 0.09375
1 0.85625 0.659375 0.075 0.078125
1 0.8765625 0.6234375 0.0625 0.084375
1 0.9640625 0.659375 0.065625 0.090625
1 0.9421875 0.7015625 0.078125 0.09375
1 0.0390625 0.2640625 0.025 0.0375
1 0.0640625 0.24375 0.015625 0.021875
1 0.0890625 0.234375 0.025 0.0375
1 0.6328125 0.4078125 0.05 0.05
1 0.6515625 0.4359375 0.046875 0.059375
1 0.6890625 0.346875 0.028125 0.0375
1 0.7203125 0.3359375 0.0375 0.04375
1 0.746875 0.2953125 0.034375 0.04375
1 0.7171875 0.2828125 0.028125 0.04375
1 0.7953125 0.2 0.021875 0.03125
1 0.828125 0.190625 0.021875 0.03125
1 0.8578125 0.15625 0.01875 0.021875
1 0.884375 0.146875 0.01875 0.028125
1 0.9109375 0.1234375 0.021875 0.03125
1 0.709375 0.2453125 0.028125 0.03125
1 0.6890625 0.265625 0.0375 0.03125
1 0.6890625 0.240625 0.03125 0.034375
0 0.646875 0.275 0.046875 0.0625