0 0.8578125 0.9078125 0.125 0.14375
0 0.334375 0.525 0.0625 0.08125
1 0.540625 0.4921875 0.034375 0.04375
1 0.1671875 0.66875 0.0375 0.046875
1 0.85625 0.5484375 0.025 0.040625
1 0.8703125 0.4609375 0.034375 0.040625
1 0.9046875 0.4140625 0.03125 0.03125
1 0.95 0.540625 0.034375 0.034375
1 0.96875 0.509375 0.028125 0.03125
1 0.9890625 0.4546875 0.021875 0.025
1 0.9921875 0.428125 0.015625 0.03125
1 0.0484375 0.9109375 0.053125 0.065625
1 0.06875 0.928125 0.05625 0.05
1 0.28125 0.434375 0.028125 0.034375
1 0.2359375 0.440625 0.025 0.034375
1 0.240625 0.3984375 0.028125 0.0375
1 0.1828125 0.346875 0.01875 0.025
1 0.1484375 0.315625 0.01875 0.025
1 0.659375 0.41875 0.025 0.034375
1 0.7140625 0.384375 0.025 0.03125
1 0.7453125 0.4046875 0.034375 0.03125
1 0.7640625 0.3890625 0.028125 0.028125
1 0.759375 0.34375 0.03125 0.03125
1 0.721875 0.3140625 0.025 0.025
1 0.690625 0.309375 0.025 0.028125
1 0.68125 0.315625 0.028125 0.021875
1 0.6359375 0.2890625 0.028125 0.028125
1 0.7859375 0.321875 0.025 0.025