1 0.6828125 0.89375 0.05625 0.0765625
1 0.671875 0.8234375 0.046875 0.065625
1 0.6984375 0.7765625 0.0484375 0.071875
1 0.6265625 0.7515625 0.0671875 0.0765625
0 0.3875 0.5546875 0.10625 0.10625
0 0.21875 0.50625 0.103125 0.0859375
0 0.10625 0.4671875 0.0578125 0.071875
1 0.365625 0.70625 0.034375 0.05625
1 0.3 0.740625 0.04375 0.059375
1 0.2609375 0.7109375 0.0296875 0.05
1 0.21875 0.6796875 0.040625 0.0546875
1 0.159375 0.6484375 0.0296875 0.0515625
1 0.31875 0.715625 0.0375 0.05
1 0.1203125 0.58125 0.0375 0.0578125
1 0.0546875 0.5359375 0.03125 0.0421875
1 0.178125 0.61875 0.03125 0.05625
1 0.2046875 0.6015625 0.0421875 0.0671875
1 0.2671875 0.675 0.034375 0.0609375
1 0.2609375 0.6359375 0.0359375 0.0640625