1 0.9140625 0.71875 0.059375 0.059375
1 0.8390625 0.6703125 0.053125 0.053125
1 0.8453125 0.6359375 0.046875 0.053125
1 0.653125 0.44375 0.0375 0.04375
1 0.7125 0.3625 0.03125 0.04375
1 0.7359375 0.2921875 0.03125 0.0375
1 0.7734375 0.275 0.025 0.03125
1 0.86875 0.1546875 0.015625 0.025
1 0.9078125 0.15 0.01875 0.025
1 0.9203125 0.125 0.015625 0.025
1 0.94375 0.1109375 0.009375 0.015625
1 0.521875 0.3703125 0.040625 0.040625
1 0.5 0.4296875 0.034375 0.05
1 0.5 0.4734375 0.03125 0.05625
1 0.4359375 0.578125 0.046875 0.05
1 0.153125 0.86875 0.0625 0.071875
1 0.2703125 0.359375 0.028125 0.0375
1 0.215625 0.3421875 0.028125 0.0375
1 0.2015625 0.2953125 0.021875 0.028125
1 0.2015625 0.259375 0.01875 0.034375
1 0.184375 0.2484375 0.021875 0.028125
1 0.3046875 0.228125 0.03125 0.03125
1 0.1453125 0.253125 0.01875 0.025
1 0.096875 0.2390625 0.021875 0.03125
1 0.0484375 0.2265625 0.015625 0.025
1 0.053125 0.209375 0.015625 0.01875
1 0.034375 0.190625 0.0125 0.021875
1 0.040625 0.18125 0.0125 0.015625
1 0.0234375 0.1859375 0.009375 0.015625
1 0.0265625 0.171875 0.0125 0.015625
1 0.2 0.1796875 0.021875 0.021875
1 0.171875 0.2046875 0.009375 0.01875
1 0.11875 0.1875 0.025 0.028125
1 0.10625 0.1890625 0.025 0.028125
1 0.1375 0.153125 0.01875 0.021875
1 0.1125 0.146875 0.01875 0.021875
0 0.83125 0.1515625 0.0375 0.05
0 0.415625 0.646875 0.078125 0.0875
0 0.1546875 0.35625 0.0375 0.065625
0 0.19375 0.3546875 0.03125 0.059375