0 0.5953125 0.7953125 0.225 0.175
0 0.64375 0.3984375 0.065625 0.146875
1 0.0234375 0.296875 0.0375 0.0625
1 0.0578125 0.284375 0.03125 0.059375
1 0.08125 0.2796875 0.03125 0.053125
1 0.1046875 0.2734375 0.040625 0.05625
1 0.1328125 0.2703125 0.034375 0.0625
1 0.15625 0.2671875 0.034375 0.059375
1 0.184375 0.2578125 0.028125 0.046875
1 0.2125 0.25 0.034375 0.053125
1 0.240625 0.25 0.028125 0.05625
1 0.275 0.24375 0.028125 0.053125
1 0.3109375 0.24375 0.034375 0.0625
1 0.025 0.2328125 0.034375 0.034375
1 0.0625 0.215625 0.03125 0.028125
1 0.15 0.1953125 0.0375 0.034375
1 0.2078125 0.1796875 0.046875 0.046875
1 0.3609375 0.1640625 0.05 0.05
1 0.3984375 0.23125 0.034375 0.053125
1 0.4265625 0.23125 0.03125 0.059375
1 0.434375 0.1625 0.046875 0.053125
1 0.49375 0.1515625 0.05625 0.05625
1 0.4625 0.2296875 0.03125 0.059375
1 0.490625 0.234375 0.0375 0.053125
1 0.525 0.228125 0.0375 0.05625
1 0.5578125 0.234375 0.034375 0.053125
1 0.5875 0.228125 0.034375 0.05625
1 0.6171875 0.2296875 0.034375 0.053125
1 0.6515625 0.2375 0.03125 0.05
1 0.6734375 0.2328125 0.0375 0.059375
1 0.5953125 0.15625 0.059375 0.053125
1 0.7296875 0.1703125 0.04375 0.04375
1 0.7765625 0.1671875 0.040625 0.040625
1 0.7796875 0.2390625 0.040625 0.0625
0 0.8390625 0.1703125 0.05 0.090625
1 0.8078125 0.1328125 0.034375 0.05
1 0.784375 0.1 0.034375 0.04375