1 0.41875 0.4671875 0.1109375 0.1625
1 0.6421875 0.471875 0.090625 0.1296875
1 0.884375 0.6515625 0.1015625 0.1265625
1 0.215625 0.309375 0.0625 0.11875
1 0.3140625 0.3015625 0.0453125 0.1
1 0.25 0.246875 0.059375 0.0640625
1 0.39375 0.359375 0.1 0.084375
1 0.3953125 0.284375 0.0546875 0.078125
1 0.4609375 0.1 0.0671875 0.06875
1 0.175 0.1875 0.0578125 0.0796875
1 0.13125 0.253125 0.0734375 0.115625
1 0.0734375 0.190625 0.040625 0.0640625
1 0.0203125 0.1171875 0.03125 0.071875
1 0.0515625 0.1 0.028125 0.0484375
1 0.0875 0.121875 0.028125 0.0671875
1 0.1234375 0.1671875 0.0359375 0.05