1 0.5 0.615625 0.125 0.140625
1 0.2578125 0.89375 0.1375 0.159375
1 0.690625 0.4046875 0.084375 0.09375
1 0.75 0.45 0.078125 0.134375
1 0.8234375 0.3453125 0.065625 0.096875
1 0.25625 0.4078125 0.078125 0.10625
1 0.1796875 0.340625 0.05625 0.084375
1 0.140625 0.3015625 0.05 0.071875
1 0.1859375 0.2359375 0.046875 0.0625
1 0.15 0.2109375 0.0375 0.05
1 0.26875 0.2921875 0.05625 0.084375
1 0.3328125 0.340625 0.08125 0.096875
1 0.8265625 0.2546875 0.053125 0.0625
1 0.88125 0.2625 0.053125 0.065625
1 0.890625 0.1828125 0.040625 0.059375
1 0.94375 0.2640625 0.05 0.075
1 0.9390625 0.13125 0.034375 0.04375