1 0.85625 0.69375 0.078125 0.096875
1 0.9671875 0.7859375 0.0625 0.084375
1 0.525 0.584375 0.065625 0.075
1 0.4921875 0.4625 0.059375 0.0625
1 0.0765625 0.8390625 0.065625 0.053125
0 0.040625 0.903125 0.06875 0.115625
0 0.646875 0.2890625 0.03125 0.05625
0 0.78125 0.2640625 0.025 0.04375
1 0.4109375 0.3515625 0.040625 0.040625
1 0.28125 0.3234375 0.040625 0.05
1 0.2203125 0.2890625 0.025 0.0375
1 0.1703125 0.2453125 0.021875 0.034375
1 0.128125 0.20625 0.028125 0.025
1 0.0875 0.1796875 0.01875 0.03125
1 0.05 0.1765625 0.025 0.028125
1 0.0421875 0.190625 0.01875 0.03125
1 0.6109375 0.2984375 0.034375 0.040625
1 0.71875 0.3359375 0.028125 0.0375
1 0.6765625 0.275 0.028125 0.0375
1 0.6671875 0.3109375 0.028125 0.03125
1 0.7140625 0.2625 0.028125 0.034375
1 0.696875 0.246875 0.021875 0.034375
1 0.8203125 0.228125 0.015625 0.034375
1 0.84375 0.2328125 0.021875 0.040625
1 0.8671875 0.2015625 0.0125 0.034375
1 0.884375 0.2109375 0.015625 0.025
1 0.9109375 0.19375 0.0125 0.028125
1 0.9328125 0.171875 0.021875 0.0375
1 0.953125 0.1609375 0.01875 0.0375