1 0.5203125 0.634375 0.0390625 0.0515625
1 0.5390625 0.490625 0.0296875 0.0390625
1 0.6203125 0.3890625 0.025 0.03125
1 0.646875 0.396875 0.025 0.034375
1 0.7796875 0.709375 0.0421875 0.0453125
1 0.65625 0.7828125 0.0359375 0.0703125
1 0.809375 0.7921875 0.046875 0.05625
1 0.8828125 0.7546875 0.0421875 0.0515625
1 0.8796875 0.8640625 0.046875 0.065625
1 0.9484375 0.8640625 0.0421875 0.0546875
1 0.859375 0.5125 0.021875 0.0375
1 0.9515625 0.4890625 0.028125 0.0296875
1 0.8578125 0.41875 0.03125 0.03125
1 0.9671875 0.453125 0.025 0.0234375
1 0.971875 0.4265625 0.0265625 0.025
1 0.8875 0.3703125 0.0234375 0.028125
1 0.8984375 0.3546875 0.0234375 0.025
1 0.928125 0.3625 0.0109375 0.028125
1 0.9828125 0.3953125 0.0234375 0.028125
1 0.9828125 0.365625 0.0265625 0.028125
1 0.95 0.3109375 0.0140625 0.021875
1 0.990625 0.33125 0.01875 0.025
1 0.5171875 0.34375 0.0265625 0.0296875
1 0.6546875 0.3328125 0.021875 0.0234375
1 0.7 0.35625 0.0234375 0.025
1 0.746875 0.353125 0.025 0.025
1 0.7296875 0.3734375 0.028125 0.025
1 0.7296875 0.3265625 0.021875 0.0265625
1 0.740625 0.3109375 0.028125 0.025
1 0.696875 0.2890625 0.021875 0.028125
1 0.6578125 0.29375 0.025 0.0234375
1 0.6125 0.271875 0.0265625 0.025
1 0.634375 0.2546875 0.021875 0.01875
1 0.7640625 0.2890625 0.0265625 0.025
1 0.190625 0.7078125 0.0328125 0.046875
1 0.103125 0.959375 0.04375 0.0546875
1 0.1234375 0.9796875 0.0453125 0.040625
1 0.23125 0.475 0.01875 0.0296875
0 0.3390625 0.54375 0.05 0.0765625
1 0.0640625 0.3265625 0.0140625 0.0203125
1 0.075 0.3375 0.0203125 0.0203125
1 0.1 0.2890625 0.0203125 0.021875
1 0.1859375 0.2328125 0.0203125 0.0203125
1 0.2046875 0.2203125 0.0171875 0.025