1 0.128125 0.8984375 0.071875 0.078125
1 0.8328125 0.653125 0.0625 0.078125
1 0.9515625 0.71875 0.065625 0.090625
1 0.8109375 0.603125 0.06875 0.084375
1 0.4984375 0.4671875 0.0375 0.05
1 0.4265625 0.44375 0.04375 0.05
1 0.1859375 0.3953125 0.03125 0.046875
1 0.1953125 0.3671875 0.03125 0.05
1 0.2109375 0.3484375 0.034375 0.05
1 0.2953125 0.35 0.034375 0.040625
1 0.1703125 0.3234375 0.025 0.0375
1 0.1546875 0.3140625 0.021875 0.028125
1 0.1421875 0.3 0.025 0.0375
1 0.0890625 0.3140625 0.028125 0.040625
1 0.0203125 0.221875 0.01875 0.021875
1 0.021875 0.209375 0.015625 0.021875
1 0.0078125 0.2109375 0.015625 0.021875
1 0.75625 0.2125 0.03125 0.03125
1 0.7296875 0.2046875 0.028125 0.034375
1 0.8734375 0.1421875 0.01875 0.01875
1 0.709375 0.21875 0.025 0.03125
1 0.696875 0.2453125 0.028125 0.0375
1 0.6859375 0.2328125 0.03125 0.03125
1 0.6921875 0.2765625 0.025 0.0375
0 0.6546875 0.2921875 0.053125 0.059375
1 0.65625 0.25 0.03125 0.034375
1 0.63125 0.284375 0.03125 0.040625
0 0.6015625 0.275 0.06875 0.075