1 0.8 0.61875 0.0578125 0.0515625
1 0.853125 0.6140625 0.05625 0.053125
1 0.8953125 0.68125 0.05625 0.0546875
0 0.940625 0.6609375 0.0625 0.0796875
0 0.2546875 0.2609375 0.0453125 0.04375
0 0.059375 0.24375 0.0203125 0.0328125
1 0.978125 0.734375 0.04375 0.0546875
1 0.15 0.31875 0.021875 0.021875
1 0.11875 0.3125 0.0171875 0.034375
1 0.1328125 0.33125 0.021875 0.01875
1 0.096875 0.2921875 0.01875 0.0234375
1 0.13125 0.3 0.015625 0.0234375
1 0.10625 0.278125 0.015625 0.0234375
1 0.090625 0.25625 0.0109375 0.0171875
1 0.078125 0.2734375 0.01875 0.0265625
1 0.5265625 0.2078125 0.01875 0.021875
1 0.559375 0.1984375 0.0234375 0.025
1 0.584375 0.190625 0.0265625 0.021875