1 0.6609375 0.509375 0.078125 0.06875
1 0.5796875 0.4515625 0.078125 0.075
1 0.6875 0.8234375 0.103125 0.14375
1 0.90625 0.2421875 0.0625 0.0625
1 0.965625 0.221875 0.040625 0.053125
1 0.2234375 0.31875 0.040625 0.075
1 0.2453125 0.215625 0.04375 0.059375
1 0.725 0.16875 0.040625 0.046875
1 0.825 0.1671875 0.0375 0.05
1 0.871875 0.159375 0.040625 0.04375
1 0.66875 0.1234375 0.040625 0.053125
1 0.8078125 0.1 0.040625 0.046875
1 0.9125 0.084375 0.040625 0.040625
0 0.284375 0.0453125 0.08125 0.071875