1 0.8171875 0.396875 0.0625 0.096875
1 0.8765625 0.328125 0.046875 0.071875
1 0.921875 0.2765625 0.040625 0.06875
1 0.9578125 0.2296875 0.034375 0.05625
0 0.825 0.2828125 0.125 0.15
0 0.971875 0.1625 0.0375 0.071875
1 0.2609375 0.375 0.053125 0.090625
1 0.2109375 0.3171875 0.05 0.075
1 0.290625 0.2734375 0.0625 0.078125
1 0.246875 0.2296875 0.040625 0.0625
1 0.2125 0.2015625 0.040625 0.053125
1 0.1875 0.1765625 0.03125 0.046875
1 0.1421875 0.23125 0.046875 0.06875
1 0.1578125 0.1609375 0.03125 0.05