1 0.5609375 0.484375 0.1015625 0.1109375
1 0.6140625 0.45625 0.1046875 0.1046875
1 0.7640625 0.5734375 0.1203125 0.1203125
1 0.94375 0.6890625 0.1109375 0.1375
1 0.925 0.7671875 0.1421875 0.15
1 0.396875 0.153125 0.065625 0.0546875
1 0.41875 0.1171875 0.0453125 0.04375
1 0.4453125 0.0828125 0.0453125 0.0390625
1 0.4859375 0.0890625 0.053125 0.040625
1 0.5515625 0.1453125 0.05625 0.0515625
1 0.2703125 0.1734375 0.0671875 0.0515625
1 0.3203125 0.1328125 0.0546875 0.04375
1 0.340625 0.103125 0.05625 0.05
1 0.55 0.0609375 0.05 0.040625
1 0.2125 0.1703125 0.0609375 0.053125
1 0.184375 0.13125 0.0625 0.04375
1 0.059375 0.125 0.0296875 0.046875
1 0.01875 0.1328125 0.034375 0.0359375
0 0.1015625 0.1125 0.0453125 0.05