1 0.5264150937500001 0.308917196875 0.560377359375 0.33757961875000003 0.577358490625 0.33757961875000003 0.575471696875 0.29617834374999996 0.5566037749999999 0.2770700625 0.532075471875 0.2770700625 0.522641509375 0.280254778125 0.5264150937500001 0.308917196875
1 0.36415094375 0.32484076562499997 0.38301886875 0.32484076562499997 0.38301886875 0.29299363125 0.35849056562500003 0.267515925 0.33773585 0.267515925 0.33584905625 0.29936305625 0.36415094375 0.32484076562499997
1 0.21509434062500002 0.2707006375 0.232075471875 0.2770700625 0.23584905625000002 0.261146496875 0.22641509375000002 0.2229299375 0.220754715625 0.213375796875 0.203773584375 0.219745221875 0.20188679375000002 0.24522293125 0.21509434062500002 0.2707006375
1 0.241509434375 0.213375796875 0.239622640625 0.17834395 0.21320754687500001 0.15923566875 0.21509434062500002 0.20382165625 0.241509434375 0.213375796875
1 0.23773585000000003 0.16878980937500002 0.250943396875 0.16242038125 0.23584905625000002 0.127388534375 0.218867925 0.12420382187500001 0.218867925 0.15605095625 0.23773585000000003 0.16878980937500002
1 0.2 0.152866240625 0.19245283124999998 0.121019109375 0.17358490625 0.11464968125 0.177358490625 0.152866240625 0.2 0.152866240625
1 0.158490565625 0.149681528125 0.1528301875 0.12420382187500001 0.13584905625000002 0.127388534375 0.14150943437500002 0.15923566875 0.158490565625 0.149681528125
1 0.150943396875 0.11783439375 0.1716981125 0.11146496875 0.158490565625 0.076433121875 0.14528301875 0.079617834375 0.14150943437500002 0.089171975 0.150943396875 0.11783439375
1 0.12641509374999998 0.101910828125 0.11886792500000001 0.07324840625 0.10188679375000001 0.07324840625 0.10377358437499999 0.10828025625 0.12641509374999998 0.101910828125
1 0.1283018875 0.0859872625 0.14528301875 0.076433121875 0.132075471875 0.028662421875 0.11886792500000001 0.031847134375 0.1283018875 0.0859872625
0 0.315094340625 0.057324840625 0.33962264062499997 0.054140128125 0.33962264062499997 0.01910828125 0.33018867812499997 0.0031847125 0.284905659375 0 0.28867924375 0.031847134375 0.315094340625 0.057324840625