1 0.5984375 0.4859375 0.05625 0.05
1 0.6421875 0.7015625 0.06875 0.09375
0 0.440625 0.45625 0.1265625 0.0546875
0 0.8984375 0.6375 0.084375 0.103125
0 0.3625 0.3875 0.1078125 0.0640625
0 0.6046875 0.2765625 0.053125 0.0359375
1 0.6328125 0.296875 0.021875 0.025
1 0.3515625 0.4984375 0.046875 0.059375
1 0.265625 0.409375 0.0265625 0.046875
1 0.3109375 0.4359375 0.034375 0.034375
1 0.2234375 0.375 0.028125 0.0375
1 0.1828125 0.3703125 0.0234375 0.046875
1 0.153125 0.3421875 0.0265625 0.040625
1 0.1390625 0.30625 0.021875 0.0296875
1 0.1015625 0.303125 0.0140625 0.03125
1 0.103125 0.2703125 0.01875 0.034375
1 0.0828125 0.28125 0.009375 0.0328125
1 0.3734375 0.4265625 0.034375 0.0453125
1 0.1765625 0.25 0.0171875 0.0234375
1 0.3671875 0.3421875 0.040625 0.03125