1 0.1390625 0.2140625 0.0171875 0.0328125
1 0.1140625 0.225 0.0234375 0.0453125
1 0.096875 0.20625 0.0171875 0.03125
1 0.0828125 0.1890625 0.01875 0.03125
1 0.05625 0.134375 0.01875 0.025
1 0.0296875 0.0953125 0.0203125 0.01875
1 0.0265625 0.121875 0.0125 0.0234375
1 0.00625 0.090625 0.0125 0.021875
1 0.8484375 0.521875 0.05 0.05
1 0.9 0.5140625 0.05 0.06875
1 0.878125 0.571875 0.059375 0.0609375
1 0.9703125 0.6390625 0.0578125 0.06875
0 0.9640625 0.5609375 0.071875 0.1046875
0 0.6765625 0.18125 0.0515625 0.05625
0 0.803125 0.1171875 0.0421875 0.0515625
1 0.903125 0.1734375 0.0203125 0.0375
1 0.5625 0.0609375 0.025 0.0296875
1 0.609375 0.075 0.025 0.025
1 0.5578125 0.0875 0.0234375 0.025