1 0.175 0.3421875 0.034375 0.046875
1 0.0140625 0.2484375 0.021875 0.0375
1 0.20625 0.3921875 0.0375 0.040625
1 0.415625 0.4375 0.0625 0.065625
1 0.475 0.4671875 0.034375 0.05
1 0.56875 0.478125 0.05 0.046875
1 0.8859375 0.6234375 0.05625 0.065625
1 0.965625 0.65625 0.059375 0.071875
1 0.94375 0.6984375 0.071875 0.08125
1 0.8625 0.6515625 0.065625 0.075
0 0.4765625 0.625 0.190625 0.159375
1 0.596875 0.275 0.04375 0.053125
1 0.6328125 0.24375 0.04375 0.0625
1 0.66875 0.225 0.034375 0.040625
1 0.7 0.1984375 0.03125 0.040625
1 0.71875 0.1875 0.03125 0.04375
1 0.7421875 0.175 0.03125 0.0375