1 0.6140625 0.7421875 0.14375 0.234375
1 0.4609375 0.5265625 0.09375 0.125
1 0.365625 0.33125 0.059375 0.084375
1 0.30625 0.2734375 0.065625 0.1125
1 0.228125 0.325 0.059375 0.10625
1 0.234375 0.203125 0.05 0.075
1 0.159375 0.2359375 0.059375 0.078125
1 0.1078125 0.1640625 0.05625 0.075
1 0.8234375 0.31875 0.078125 0.121875
1 0.8546875 0.3765625 0.05 0.075
1 0.9109375 0.3296875 0.0375 0.084375
1 0.884375 0.2890625 0.040625 0.075
1 0.9125 0.253125 0.025 0.06875
1 0.94375 0.24375 0.0375 0.071875
1 0.9625 0.21875 0.021875 0.059375
1 0.9859375 0.20625 0.028125 0.071875
1 0.1953125 0.1484375 0.040625 0.084375