0 0.8453125 0.2375 0.0359375 0.0453125
0 0.628125 0.28125 0.040625 0.053125
0 0.49375 0.3375 0.05 0.05
1 0.5 0.459375 0.028125 0.059375
1 0.6 0.45 0.0515625 0.04375
1 0.8421875 0.70625 0.053125 0.0640625
1 0.8734375 0.6796875 0.053125 0.065625
1 0.1 0.8578125 0.0640625 0.0625
1 0.1625 0.34375 0.015625 0.0359375
1 0.1984375 0.3359375 0.025 0.034375
1 0.2171875 0.325 0.021875 0.0453125
1 0.1921875 0.303125 0.025 0.03125
1 0.196875 0.2609375 0.021875 0.0296875
1 0.1453125 0.290625 0.0265625 0.0375
1 0.165625 0.315625 0.0203125 0.025
1 0.1390625 0.3234375 0.025 0.0296875
1 0.0671875 0.2140625 0.015625 0.0203125
1 0.7734375 0.2234375 0.0203125 0.028125
1 0.840625 0.1875 0.0203125 0.0234375
1 0.86875 0.1953125 0.021875 0.0234375
1 0.9046875 0.159375 0.01875 0.0265625
1 0.934375 0.1625 0.015625 0.0171875
1 0.95 0.146875 0.015625 0.021875
1 0.9390625 0.1828125 0.0171875 0.0234375
1 0.9703125 0.16875 0.0171875 0.0265625
1 0.6546875 0.303125 0.03125 0.0328125
1 0.3203125 0.2140625 0.03125 0.0296875
1 0.2796875 0.190625 0.0234375 0.0203125
1 0.221875 0.1671875 0.0203125 0.01875
1 0.1859375 0.178125 0.0140625 0.0265625
1 0.1421875 0.1640625 0.0203125 0.0203125
1 0.128125 0.1484375 0.0203125 0.021875
1 0.1640625 0.13125 0.0234375 0.0203125
1 0.1484375 0.128125 0.0171875 0.0171875
1 0.1359375 0.121875 0.01875 0.01875