0 0.446875 0.365625 0.1203125 0.0859375
0 0.521875 0.33125 0.1125 0.1140625
0 0.234375 0.1390625 0.0484375 0.05
0 0.6640625 0.165625 0.0609375 0.0625
0 0.7625 0.1296875 0.046875 0.0359375
1 0.1046875 0.0796875 0.015625 0.0203125
1 0.7140625 0.15625 0.0234375 0.025
1 0.68125 0.1875 0.028125 0.03125
1 0.7109375 0.1765625 0.0234375 0.0171875
1 0.8390625 0.128125 0.0171875 0.0265625
1 0.9046875 0.096875 0.0140625 0.021875
1 0.775 0.2046875 0.0265625 0.0265625
1 0.9125 0.4125 0.0265625 0.040625
1 0.971875 0.4203125 0.040625 0.0546875
1 0.51875 0.1 0.025 0.034375
1 0.578125 0.0828125 0.03125 0.0296875
1 0.8296875 0.025 0.0171875 0.015625