0 0.3390625 0.5421875 0.06875 0.0890625
1 0.540625 0.484375 0.03125 0.0515625
1 0.309375 0.4296875 0.03125 0.040625
1 0.278125 0.4046875 0.025 0.04375
1 0.8625 0.4109375 0.0296875 0.05625
1 0.8875 0.3671875 0.028125 0.0359375
1 0.9 0.346875 0.028125 0.0421875
1 0.953125 0.478125 0.0265625 0.0453125
1 0.9703125 0.4453125 0.03125 0.0390625
1 0.978125 0.39375 0.0171875 0.028125
0 0.19375 0.3515625 0.0375 0.0515625
0 0.153125 0.3203125 0.03125 0.040625
1 0.6546875 0.3296875 0.028125 0.025
1 0.690625 0.371875 0.0265625 0.025
1 0.646875 0.396875 0.0265625 0.034375
1 0.6046875 0.384375 0.0265625 0.034375
1 0.7328125 0.3703125 0.0234375 0.0328125
1 0.703125 0.353125 0.0265625 0.0328125
1 0.746875 0.35 0.0265625 0.03125
1 0.7265625 0.3234375 0.0234375 0.025
1 0.740625 0.3078125 0.028125 0.0234375
1 0.6578125 0.29375 0.0265625 0.025
1 0.6125 0.2734375 0.0265625 0.025
1 0.634375 0.2546875 0.0203125 0.0234375
1 0.6484375 0.2421875 0.0203125 0.025
1 0.6953125 0.2890625 0.021875 0.0453125
1 0.70625 0.2765625 0.0140625 0.025
1 0.7625 0.2828125 0.01875 0.040625
1 0.784375 0.3140625 0.021875 0.028125
1 0.815625 0.25625 0.009375 0.0234375
1 0.8265625 0.259375 0.015625 0.0265625
1 0.7125 0.2234375 0.0203125 0.0234375
1 0.2484375 0.3875 0.015625 0.028125
1 0.546875 0.35625 0.025 0.0359375
1 0.515625 0.3421875 0.0296875 0.0390625
1 0.6921875 0.259375 0.0125 0.0203125
1 0.665625 0.2328125 0.0171875 0.028125
1 0.8875 0.2375 0.0296875 0.0390625
1 0.8140625 0.221875 0.01875 0.0171875
1 0.8390625 0.23125 0.0171875 0.021875
1 0.7015625 0.1875 0.01875 0.034375
1 0.71875 0.19375 0.015625 0.021875
1 0.771875 0.1875 0.0171875 0.0171875
1 0.80625 0.2 0.0140625 0.01875
1 0.8296875 0.209375 0.021875 0.021875