1 0.1703125 0.2578125 0.0546875 0.075
1 0.096875 0.1046875 0.0375 0.0578125
1 0.1921875 0.165625 0.034375 0.053125
1 0.221875 0.184375 0.0375 0.0578125
1 0.25 0.221875 0.046875 0.0609375
1 0.296875 0.259375 0.0546875 0.084375
1 0.2671875 0.359375 0.0578125 0.0875
1 0.9765625 0.1953125 0.0421875 0.0484375
1 0.9484375 0.2265625 0.0609375 0.04375
1 0.925 0.2921875 0.05 0.046875
1 0.884375 0.259375 0.0515625 0.05625
1 0.8453125 0.3078125 0.0546875 0.059375
1 0.88125 0.3390625 0.0453125 0.0703125
1 0.796875 0.3546875 0.0578125 0.078125
1 0.8359375 0.3734375 0.0546875 0.0875