1 0.5390625 0.5671875 0.053125 0.053125
1 0.653125 0.4734375 0.0375 0.0421875
1 0.8234375 0.6890625 0.046875 0.0625
0 0.859375 0.6578125 0.075 0.103125
1 0.3484375 0.36875 0.03125 0.03125
1 0.553125 0.3546875 0.053125 0.05
0 0.259375 0.3015625 0.0515625 0.0390625
1 0.1875 0.3296875 0.0390625 0.046875
1 0.1875 0.3765625 0.025 0.0421875
1 0.1640625 0.35625 0.0140625 0.040625
1 0.1453125 0.3359375 0.0296875 0.0484375
1 0.7328125 0.3296875 0.0328125 0.0546875
1 0.81875 0.265625 0.0296875 0.0515625
0 0.778125 0.2109375 0.034375 0.0609375
1 0.871875 0.2125 0.025 0.0421875
1 0.921875 0.2015625 0.0171875 0.0234375
1 0.90625 0.18125 0.0203125 0.0328125
1 0.88125 0.1796875 0.028125 0.028125
1 0.9546875 0.178125 0.01875 0.015625
1 0.953125 0.146875 0.0171875 0.0203125
1 0.159375 0.253125 0.0296875 0.0359375
1 0.10625 0.184375 0.0265625 0.0203125