0 0.6046875 0.4546875 0.128125 0.1296875
0 0.1296875 0.159375 0.075 0.090625
1 0.2640625 0.34375 0.0921875 0.09375
1 0.175 0.265625 0.065625 0.078125
1 0.2296875 0.2453125 0.0671875 0.0703125
1 0.2109375 0.1875 0.053125 0.0546875
1 0.3953125 0.265625 0.0578125 0.0859375
1 0.4578125 0.10625 0.0578125 0.053125
1 0.9171875 0.696875 0.1375 0.1484375
1 0.09375 0.203125 0.0515625 0.0671875
1 0.0453125 0.1578125 0.0375 0.0453125
1 0.0140625 0.1234375 0.0265625 0.04375
1 0.0328125 0.1125 0.0296875 0.0390625
1 0.059375 0.1203125 0.0359375 0.05
1 0.0859375 0.15 0.0296875 0.05
1 0.075 0.10625 0.025 0.0328125
1 0.0296875 0.0765625 0.0296875 0.0265625