1 0.5859375 0.6328125 0.05625 0.065625
1 0.6765625 0.4609375 0.028125 0.053125
1 0.521875 0.5234375 0.0625 0.05
1 0.4515625 0.46875 0.059375 0.05625
1 0.4859375 0.421875 0.04375 0.06875
1 0.390625 0.43125 0.040625 0.05
1 0.3328125 0.46875 0.05 0.046875
1 0.3265625 0.4234375 0.04375 0.053125
1 0.3375 0.38125 0.046875 0.053125
1 0.2765625 0.3484375 0.040625 0.0625
1 0.16875 0.2453125 0.025 0.0375
1 0.0578125 0.79375 0.08125 0.046875
1 0.0375 0.8578125 0.071875 0.05625
1 0.23125 0.3109375 0.0375 0.06875
1 0.65 0.3015625 0.034375 0.053125
1 0.6734375 0.2890625 0.025 0.040625
1 0.70625 0.28125 0.025 0.040625
1 0.1328125 0.2265625 0.025 0.040625
1 0.1015625 0.234375 0.021875 0.025
1 0.103125 0.1875 0.015625 0.03125
1 0.121875 0.1765625 0.01875 0.034375
1 0.0578125 0.609375 0.06875 0.071875
1 0.0921875 0.15625 0.01875 0.034375
1 0.071875 0.1328125 0.021875 0.028125
1 0.0515625 0.1359375 0.015625 0.0125