0 0.6734375 0.2796875 0.08125 0.06875
1 0.5140625 0.503125 0.05625 0.04375
1 0.0734375 0.8234375 0.0875 0.0625
1 0.075 0.8765625 0.06875 0.084375
1 0.0109375 0.9234375 0.021875 0.0625
1 0.8515625 0.7140625 0.059375 0.075
0 0.6265625 0.4796875 0.0625 0.071875
1 0.34375 0.3421875 0.05 0.04375
1 0.2640625 0.3046875 0.028125 0.04375
1 0.5046875 0.3421875 0.05 0.034375
1 0.178125 0.35625 0.03125 0.05625
1 0.1921875 0.25625 0.028125 0.04375
0 0.1125 0.2421875 0.03125 0.05
1 0.075 0.20625 0.0125 0.01875
1 0.0734375 0.178125 0.0125 0.021875
1 0.0890625 0.1734375 0.01875 0.025
1 0.6734375 0.3109375 0.03125 0.034375
0 0.9046875 0.2046875 0.028125 0.0375
0 0.8640625 0.221875 0.028125 0.04375
0 0.765625 0.321875 0.04375 0.05
1 0.8078125 0.2578125 0.025 0.0375
1 0.7125 0.3546875 0.028125 0.034375
1 0.6671875 0.4109375 0.025 0.04375
0 0.7125 0.396875 0.053125 0.08125