1 0.6046875 0.784375 0.08125 0.109375
1 0.9328125 0.8421875 0.0625 0.1
1 0.953125 0.9109375 0.04375 0.1
1 0.8390625 0.8046875 0.078125 0.096875
1 0.8546875 0.76875 0.071875 0.090625
1 0.825 0.6921875 0.06875 0.084375
1 0.7796875 0.6984375 0.071875 0.09375
1 0.7125 0.6453125 0.065625 0.09375
1 0.61875 0.565625 0.065625 0.09375
1 0.553125 0.553125 0.065625 0.090625
1 0.51875 0.4703125 0.053125 0.08125
1 0.5578125 0.4703125 0.05 0.090625
1 0.478125 0.3953125 0.05 0.078125
1 0.4359375 0.4125 0.05 0.075
1 0.3640625 0.39375 0.05 0.05625
1 0.2828125 0.3234375 0.046875 0.071875
1 0.303125 0.30625 0.04375 0.059375
1 0.3046875 0.271875 0.034375 0.046875
1 0.2671875 0.271875 0.040625 0.05
1 0.2640625 0.234375 0.0375 0.05625
1 0.4078125 0.346875 0.05 0.075
1 0.3734375 0.359375 0.0375 0.053125
1 0.3578125 0.31875 0.04375 0.053125
0 0.703125 0.5578125 0.13125 0.15625
0 0.2203125 0.1921875 0.046875 0.08125
1 0.20625 0.25625 0.034375 0.059375
1 0.1890625 0.2140625 0.0375 0.046875
1 0.221875 0.234375 0.034375 0.059375
1 0.165625 0.1875 0.03125 0.059375
1 0.1640625 0.15 0.028125 0.046875
1 0.078125 0.146875 0.028125 0.04375
1 0.0375 0.1171875 0.021875 0.05
1 0.0578125 0.1125 0.025 0.05625
1 0.078125 0.0921875 0.025 0.0625