1 0.1953125 0.5640625 0.0484375 0.0546875
1 0.4671875 0.4859375 0.0296875 0.053125
1 0.8328125 0.7046875 0.05625 0.0625
1 0.875 0.6796875 0.046875 0.0609375
1 0.9421875 0.7265625 0.053125 0.0625
1 0.934375 0.775 0.05625 0.053125
1 0.9890625 0.8140625 0.0203125 0.04375
1 0.4 0.3515625 0.0390625 0.03125
1 0.6859375 0.29375 0.025 0.0296875
1 0.6921875 0.2578125 0.025 0.040625
1 0.76875 0.2234375 0.021875 0.0296875
1 0.8125 0.2296875 0.021875 0.0296875
1 0.809375 0.20625 0.0171875 0.025
1 0.8453125 0.1875 0.0203125 0.025
1 0.8875 0.16875 0.0171875 0.0296875
1 0.934375 0.1546875 0.0125 0.0296875
1 0.94375 0.1609375 0.0109375 0.0203125
1 0.95625 0.178125 0.0140625 0.021875
0 0.5546875 0.3140625 0.053125 0.065625
0 0.2453125 0.2859375 0.034375 0.0421875
0 0.1203125 0.2015625 0.0203125 0.0390625
1 0.2015625 0.3421875 0.0265625 0.0375
1 0.215625 0.315625 0.025 0.0359375
1 0.2046875 0.2609375 0.0203125 0.0328125
1 0.321875 0.2171875 0.0296875 0.0296875
1 0.1765625 0.1421875 0.0203125 0.021875
1 0.1609375 0.1328125 0.025 0.0203125
1 0.1484375 0.128125 0.0140625 0.01875
1 0.134375 0.11875 0.021875 0.0234375
1 0.1328125 0.2171875 0.0203125 0.034375
1 0.0921875 0.1734375 0.021875 0.0296875
1 0.065625 0.1578125 0.0203125 0.0359375