1 0.6828125 0.771875 0.071875 0.065625
1 0.925 0.8171875 0.06875 0.1171875
1 0.8703125 0.75 0.0578125 0.109375
1 0.7703125 0.6796875 0.0609375 0.0953125
1 0.7046875 0.6046875 0.059375 0.09375
1 0.628125 0.5578125 0.0484375 0.08125
1 0.546875 0.4859375 0.04375 0.096875
1 0.4859375 0.45 0.0390625 0.0875
1 0.409375 0.403125 0.0375 0.0890625
1 0.4390625 0.9015625 0.06875 0.1
1 0.365625 0.3765625 0.0390625 0.08125
1 0.7296875 0.5765625 0.053125 0.0734375
1 0.6078125 0.496875 0.040625 0.0703125
0 0.4765625 0.3578125 0.103125 0.1375
0 0.3296875 0.2546875 0.0796875 0.121875
0 0.2671875 0.284375 0.0421875 0.075
1 0.1703125 0.253125 0.0328125 0.0640625
1 0.19375 0.271875 0.034375 0.0703125
1 0.1234375 0.2140625 0.046875 0.0609375
1 0.221875 0.2453125 0.0375 0.075
0 0.04375 0.153125 0.0625 0.0859375
1 0.140625 0.1796875 0.0328125 0.06875