1 0.5953125 0.6265625 0.0515625 0.0625
1 0.6734375 0.4484375 0.0234375 0.0515625
1 0.5234375 0.521875 0.059375 0.0453125
1 0.45 0.471875 0.05625 0.0515625
1 0.48125 0.4234375 0.040625 0.0671875
1 0.3859375 0.4390625 0.0359375 0.0484375
1 0.33125 0.48125 0.0484375 0.04375
1 0.321875 0.4359375 0.0390625 0.0515625
1 0.3296875 0.3921875 0.04375 0.0515625
1 0.2671875 0.3640625 0.0375 0.0609375
1 0.1515625 0.26875 0.0234375 0.0359375
1 0.0796875 0.8234375 0.078125 0.0421875
1 0.0640625 0.8890625 0.0671875 0.0515625
1 0.21875 0.3296875 0.0328125 0.065625
1 0.6359375 0.2921875 0.0296875 0.0515625
1 0.6578125 0.278125 0.021875 0.0390625
1 0.690625 0.2671875 0.021875 0.040625
1 0.1140625 0.253125 0.0234375 0.040625
1 0.084375 0.2625 0.01875 0.0234375
1 0.0828125 0.215625 0.0125 0.0296875
1 0.1 0.203125 0.015625 0.034375
1 0.0671875 0.640625 0.0640625 0.0671875
1 0.06875 0.1859375 0.0171875 0.0328125
1 0.046875 0.1640625 0.01875 0.028125
1 0.0265625 0.16875 0.015625 0.0109375