1 0.6578125 0.5828125 0.0625 0.071875
1 0.5515625 0.571875 0.0578125 0.0859375
1 0.359375 0.3828125 0.040625 0.06875
1 0.46875 0.3703125 0.0484375 0.0453125
1 0.6109375 0.3671875 0.0421875 0.0625
1 0.459375 0.2875 0.0390625 0.040625
1 0.3765625 0.23125 0.0328125 0.0453125
1 0.290625 0.1984375 0.0328125 0.0421875
1 0.234375 0.171875 0.028125 0.053125
1 0.1953125 0.25625 0.0265625 0.0375
1 0.26875 0.35 0.040625 0.0546875
1 0.175 0.2859375 0.025 0.0421875
1 0.115625 0.228125 0.0328125 0.0375
1 0.0765625 0.1921875 0.03125 0.0453125
1 0.0953125 0.175 0.0234375 0.0515625
1 0.025 0.103125 0.021875 0.0359375
1 0.771875 0.190625 0.0375 0.034375
1 0.671875 0.19375 0.0296875 0.028125
0 0.66875 0.153125 0.0640625 0.0546875
0 0.871875 0.775 0.1125 0.159375
1 0.121875 0.4078125 0.053125 0.0421875
1 0.046875 0.4890625 0.05 0.0296875