1 0.6125 0.946875 0.0625 0.0875
1 0.5546875 0.940625 0.065625 0.090625
1 0.5046875 0.8921875 0.0625 0.0875
1 0.43125 0.9890625 0.05 0.021875
1 0.6 0.825 0.05 0.06875
1 0.675 0.8109375 0.0625 0.0875
1 0.7109375 0.715625 0.05625 0.08125
1 0.6765625 0.7 0.05625 0.059375
1 0.6515625 0.6640625 0.0375 0.05
1 0.7234375 0.60625 0.053125 0.053125
1 0.8859375 0.534375 0.065625 0.065625
1 0.9328125 0.55 0.065625 0.05625
1 0.9171875 0.5796875 0.0625 0.05625
1 0.978125 0.5140625 0.04375 0.053125
1 0.996875 0.5328125 0.00625 0.040625
1 0.2765625 0.5625 0.053125 0.04375
1 0.203125 0.5578125 0.046875 0.0375
1 0.178125 0.621875 0.040625 0.046875
1 0.15 0.625 0.034375 0.059375
1 0.1234375 0.6203125 0.046875 0.053125
1 0.08125 0.63125 0.040625 0.05
1 0.05 0.6234375 0.0375 0.046875
1 0.0265625 0.625 0.03125 0.046875
1 0.040625 0.6671875 0.040625 0.046875
1 0.1046875 0.66875 0.059375 0.0625
1 0.1765625 0.6640625 0.053125 0.0375
1 0.1140625 0.4515625 0.046875 0.046875
0 0.2140625 0.5125 0.146875 0.096875
0 0.95 0.4375 0.1 0.1125