1 0.625 0.7765625 0.0734375 0.103125
1 0.95625 0.8109375 0.05625 0.0953125
1 0.98125 0.878125 0.0375 0.096875
1 0.859375 0.7796875 0.0703125 0.09375
1 0.871875 0.74375 0.065625 0.0859375
1 0.8375 0.66875 0.0625 0.0796875
1 0.7921875 0.678125 0.0671875 0.090625
1 0.721875 0.6296875 0.0609375 0.090625
1 0.6234375 0.5578125 0.0609375 0.090625
1 0.55625 0.55 0.059375 0.0859375
1 0.5171875 0.46875 0.046875 0.078125
1 0.55625 0.465625 0.0453125 0.0890625
1 0.4703125 0.396875 0.04375 0.0765625
1 0.4296875 0.4171875 0.04375 0.071875
1 0.35625 0.403125 0.0453125 0.0546875
1 0.2703125 0.3390625 0.040625 0.06875
1 0.290625 0.3203125 0.0390625 0.05625
1 0.2890625 0.2859375 0.0328125 0.0453125
1 0.2515625 0.2890625 0.0375 0.0484375
1 0.246875 0.2515625 0.034375 0.0546875
1 0.396875 0.353125 0.04375 0.0734375
1 0.3640625 0.36875 0.034375 0.05
1 0.3453125 0.3296875 0.040625 0.0515625
0 0.70625 0.54375 0.1203125 0.1484375
0 0.2 0.2125 0.0421875 0.0796875
1 0.190625 0.2765625 0.03125 0.05625
1 0.1703125 0.2359375 0.034375 0.0453125
1 0.2046875 0.2546875 0.0296875 0.0578125
1 0.1453125 0.2109375 0.0265625 0.05625
1 0.140625 0.175 0.0265625 0.0453125
1 0.0546875 0.1765625 0.025 0.0421875
1 0.0125 0.15 0.0171875 0.05
1 0.03125 0.14375 0.0203125 0.0546875
1 0.05 0.1234375 0.021875 0.0625