1 0.115625 0.246875 0.01875 0.034375
1 0.0921875 0.259375 0.028125 0.046875
1 0.0734375 0.2421875 0.01875 0.03125
1 0.0578125 0.2265625 0.021875 0.03125
1 0.0265625 0.175 0.021875 0.025
1 0.003125 0.1359375 0.00625 0.021875
1 0.0015625 0.1625 0.003125 0.025
1 0.8484375 0.4921875 0.053125 0.053125
1 0.9 0.4796875 0.05625 0.071875
1 0.8828125 0.5390625 0.065625 0.065625
1 0.975 0.596875 0.05 0.075
0 0.9625 0.5203125 0.075 0.109375
0 0.6484375 0.1671875 0.05625 0.059375
0 0.76875 0.0921875 0.046875 0.05625
1 0.8734375 0.1390625 0.025 0.040625
1 0.5234375 0.0578125 0.028125 0.03125
1 0.571875 0.0671875 0.028125 0.028125
1 0.521875 0.084375 0.025 0.028125