1 0.1921875 0.703125 0.0359375 0.0453125
1 0.103125 0.959375 0.0484375 0.046875
1 0.125 0.9828125 0.0453125 0.034375
1 0.4640625 0.5953125 0.0375 0.05
1 0.525 0.6359375 0.0390625 0.053125
1 0.55 0.615625 0.034375 0.05
1 0.3921875 0.55 0.0296875 0.034375
1 0.5390625 0.4890625 0.0296875 0.0421875
1 0.28125 0.4703125 0.0203125 0.0328125
1 0.21875 0.425 0.0171875 0.03125
1 0.221875 0.4078125 0.0203125 0.0265625
1 0.228125 0.3875 0.015625 0.0234375
1 0.2109375 0.36875 0.015625 0.021875
1 0.9515625 0.4890625 0.034375 0.0296875
1 0.965625 0.45 0.021875 0.034375
1 0.8609375 0.4125 0.0328125 0.0296875
1 0.971875 0.4234375 0.025 0.028125
1 0.890625 0.36875 0.0234375 0.0203125
1 0.896875 0.3546875 0.03125 0.028125
1 0.9765625 0.39375 0.0265625 0.0234375
1 0.9828125 0.3703125 0.028125 0.025
1 0.6484375 0.3984375 0.0265625 0.0296875
1 0.60625 0.384375 0.025 0.0359375
1 0.515625 0.3421875 0.025 0.0359375
1 0.7046875 0.359375 0.025 0.03125
1 0.7328125 0.3734375 0.0296875 0.021875
1 0.6640625 0.2890625 0.021875 0.025
1 0.740625 0.309375 0.0265625 0.025
1 0.746875 0.353125 0.025 0.0375
1 0.653125 0.3296875 0.0328125 0.0203125
0 0.340625 0.54375 0.0546875 0.0765625
0 0.2765625 0.403125 0.0515625 0.059375
0 0.1390625 0.3625 0.0328125 0.0375
0 0.140625 0.328125 0.0359375 0.0375
0 0.0953125 0.284375 0.0234375 0.034375
1 0.7625 0.2875 0.0234375 0.028125