1 0.14375 0.8828125 0.06875 0.078125
1 0.2234375 0.5703125 0.0375 0.05625
1 0.24375 0.515625 0.028125 0.053125
1 0.240625 0.4640625 0.03125 0.05
1 0.3453125 0.4296875 0.040625 0.05
1 0.4234375 0.4296875 0.04375 0.046875
1 0.45 0.46875 0.053125 0.059375
1 0.6828125 0.3890625 0.03125 0.04375
1 0.6109375 0.278125 0.03125 0.040625
1 0.6296875 0.29375 0.025 0.034375
1 0.6609375 0.2890625 0.03125 0.034375
1 0.6421875 0.259375 0.028125 0.03125
1 0.6890625 0.2671875 0.028125 0.0375
1 0.703125 0.2265625 0.021875 0.03125
1 0.834375 0.1609375 0.01875 0.01875
1 0.94375 0.1 0.0125 0.015625
1 0.3171875 0.3796875 0.03125 0.040625
1 0.28125 0.390625 0.0375 0.04375
1 0.259375 0.4125 0.034375 0.05
1 0.1953125 0.4078125 0.03125 0.034375
1 0.1953125 0.3734375 0.025 0.040625
1 0.2296875 0.3625 0.03125 0.040625
1 0.2375 0.334375 0.028125 0.03125
1 0.296875 0.234375 0.028125 0.034375
1 0.2515625 0.2140625 0.028125 0.034375
1 0.1953125 0.1890625 0.025 0.028125
1 0.115625 0.1953125 0.01875 0.01875
1 0.1015625 0.1921875 0.01875 0.01875
1 0.13125 0.1640625 0.021875 0.021875
1 0.1171875 0.1609375 0.015625 0.015625
1 0.1046875 0.153125 0.021875 0.021875
1 0.1421875 0.3625 0.028125 0.040625
1 0.1796875 0.3296875 0.021875 0.028125
1 0.16875 0.290625 0.021875 0.028125
1 0.1390625 0.3 0.021875 0.028125
1 0.1046875 0.3265625 0.021875 0.03125
1 0.10625 0.3 0.025 0.034375
1 0.0921875 0.2671875 0.015625 0.025
1 0.046875 0.2515625 0.015625 0.021875
1 0.0640625 0.2453125 0.015625 0.025
0 0.74375 0.2875 0.0375 0.05625
0 0.9328125 0.1390625 0.028125 0.04375
0 0.0203125 0.2234375 0.021875 0.03125