0 0.603125 0.4515625 0.13125 0.134375
0 0.11875 0.171875 0.078125 0.09375
1 0.259375 0.3515625 0.096875 0.096875
1 0.1671875 0.2765625 0.06875 0.08125
1 0.2203125 0.2546875 0.06875 0.071875
1 0.2 0.1984375 0.05625 0.05625
1 0.3875 0.26875 0.059375 0.0875
1 0.44375 0.1078125 0.059375 0.05625
1 0.9234375 0.6828125 0.14375 0.153125
1 0.084375 0.2171875 0.053125 0.06875
1 0.034375 0.1734375 0.0375 0.046875
1 0.0078125 0.140625 0.015625 0.04375
1 0.0203125 0.1296875 0.03125 0.040625
1 0.046875 0.1359375 0.0375 0.05
1 0.0734375 0.1640625 0.03125 0.05
1 0.0609375 0.121875 0.025 0.034375
1 0.015625 0.09375 0.03125 0.028125