1 0.585530759375 0.52669578125 0.548441953125 0.484623159375 0.520176159375 0.493440565625 0.5194717343749999 0.519153696875 0.5535556374999999 0.54304365 0.5742110625 0.545629175 0.585530759375 0.52669578125
1 0.303523834375 0.31405724375 0.30876681875 0.335790653125 0.34074194687500003 0.3194427875 0.331406215625 0.29792386875 0.303523834375 0.31405724375
1 0.59052863125 0.26967171562500003 0.589824209375 0.295384846875 0.61604363125 0.286674684375 0.61099235 0.26859925625000003 0.59052863125 0.26967171562500003
1 0.95918310625 0.5694700125 0.9303421937499999 0.567313471875 0.922731825 0.578716403125 0.92573673125 0.596899078125 0.9637216656250001 0.616916553125 0.9791341093750001 0.59776866875 0.95918310625 0.5694700125
1 0.9737708187499999 0.3779679125 0.94902264375 0.37559688125 0.948126515625 0.397652028125 0.9675023968750001 0.414976734375 0.9853446218749999 0.40303756875 0.9737708187499999 0.3779679125
1 0.0918558875 0.229781496875 0.093197834375 0.25538738125 0.11123176875 0.24710620312499998 0.10413411875 0.22913802187500001 0.0918558875 0.229781496875
1 0.613426634375 0.158430765625 0.59520099375 0.163053959375 0.591875078125 0.17790038749999998 0.5982059 0.18123663437499998 0.622570659375 0.1762917 0.613426634375 0.158430765625
1 0.646552 0.1640308 0.637278675 0.182856946875 0.646230990625 0.1970599 0.66017218125 0.188993209375 0.6633063906250001 0.17048879687500001 0.646552 0.1640308
1 0.6711084656249999 0.16274385 0.6679742531249999 0.181248259375 0.6841535249999999 0.176732309375 0.679102246875 0.15865688125 0.6711084656249999 0.16274385
0 0.686137490625 0.136279996875 0.6831325875 0.118097325 0.67270901875 0.114975571875 0.620270175 0.132395896875 0.6248087375 0.1798424375 0.63318593125 0.1830714375 0.6809569093750001 0.154891653125 0.686137490625 0.136279996875
1 0.6935561531250001 0.12121907812499999 0.6941312749999999 0.13219303124999998 0.708647584375 0.13510029375 0.7058343875 0.120575603125 0.6935561531250001 0.12121907812499999
1 0.7274483468749999 0.141451046875 0.736338259375 0.115308934375 0.721821946875 0.11240167187500001 0.7274483468749999 0.141451046875