1 0.4953125 0.5015625 0.14375 0.2265625
1 0.2796875 0.35625 0.103125 0.134375
1 0.5390625 0.4109375 0.1203125 0.1421875
1 0.2921875 0.221875 0.06875 0.0953125
1 0.225 0.2375 0.0734375 0.0515625
1 0.1765625 0.1875 0.0578125 0.078125
1 0.125 0.2546875 0.0640625 0.0703125
1 0.0640625 0.1796875 0.0484375 0.059375
1 0.0265625 0.140625 0.034375 0.0828125
1 0.1078125 0.1421875 0.046875 0.075
1 0.440625 0.1609375 0.0671875 0.0625
1 0.05625 0.0859375 0.04375 0.0640625
1 0.4421875 0.0671875 0.0640625 0.078125
1 0.490625 0.0890625 0.065625 0.0609375
1 0.54375 0.14375 0.071875 0.0625