1 0.328125 0.415625 0.0375 0.0515625
1 0.5109375 0.4453125 0.05 0.05625
1 0.85 0.7078125 0.0515625 0.0671875
1 0.8890625 0.6796875 0.059375 0.0796875
1 0.921875 0.74375 0.0515625 0.090625
1 0.1015625 0.865625 0.0796875 0.053125
1 0.0515625 0.83125 0.0671875 0.065625
1 0.021875 0.91875 0.0421875 0.0546875
1 0.70625 0.3625 0.034375 0.05
1 0.6578125 0.2828125 0.0375 0.0484375
1 0.2484375 0.2875 0.0203125 0.0265625
1 0.1546875 0.2234375 0.025 0.034375
1 0.134375 0.2 0.025 0.046875
1 0.1078125 0.1859375 0.0171875 0.0234375
1 0.0859375 0.175 0.015625 0.025
1 0.6859375 0.2703125 0.028125 0.0359375
1 0.6734375 0.3046875 0.0265625 0.0390625
1 0.7171875 0.2609375 0.0296875 0.0375
1 0.7515625 0.2640625 0.021875 0.0359375
1 0.7890625 0.271875 0.0171875 0.03125
1 0.834375 0.2265625 0.0375 0.0515625
1 0.7921875 0.2078125 0.0203125 0.025
1 0.8546875 0.2 0.0203125 0.021875
1 0.9109375 0.159375 0.015625 0.021875