1 0.6703125 0.4 0.034375 0.046875
1 0.8515625 0.6984375 0.059375 0.075
1 0.065625 0.8359375 0.05625 0.046875
1 0.090625 0.8890625 0.0875 0.04375
1 0.021875 0.9359375 0.028125 0.046875
1 0.6421875 0.3015625 0.03125 0.040625
1 0.6734375 0.30625 0.025 0.0375
1 0.8515625 0.1859375 0.025 0.021875
0 0.8578125 0.2140625 0.046875 0.059375
1 0.0671875 0.2015625 0.021875 0.021875
1 0.01875 0.1421875 0.015625 0.03125
1 0.1171875 0.2046875 0.025 0.040625
1 0.2265625 0.509375 0.0375 0.084375
1 0.9109375 0.1859375 0.015625 0.0375
1 0.9203125 0.1703125 0.015625 0.040625
1 0.9484375 0.1703125 0.021875 0.0375