0 0.25625 0.146875 0.05 0.0578125
0 0.4 0.2578125 0.096875 0.0796875
0 0.909375 0.1328125 0.03125 0.040625
1 0.190625 0.3953125 0.05 0.0515625
1 0.115625 0.2203125 0.0234375 0.0359375
1 0.1 0.2078125 0.0203125 0.034375
1 0.4734375 0.3984375 0.0328125 0.0625
1 0.5453125 0.48125 0.053125 0.078125
1 0.846875 0.55 0.0546875 0.0578125
1 0.8796875 0.5390625 0.046875 0.0609375
1 0.9609375 0.59375 0.0515625 0.053125
1 0.9703125 0.4203125 0.04375 0.046875
1 0.5265625 0.2109375 0.034375 0.040625
1 0.5703125 0.2171875 0.028125 0.0375
1 0.59375 0.1890625 0.0296875 0.03125
1 0.29375 0.20625 0.0296875 0.0265625
1 0.0953125 0.0859375 0.0171875 0.021875
1 0.5171875 0.0984375 0.0265625 0.028125
1 0.58125 0.0828125 0.034375 0.034375