1 0.565625 0.91875 0.096875 0.09375
1 0.75625 0.9421875 0.0875 0.08125
1 0.8609375 0.984375 0.078125 0.03125
1 0.85625 0.9609375 0.0875 0.078125
1 0.7625 0.890625 0.08125 0.078125
1 0.678125 0.8453125 0.065625 0.078125
1 0.590625 0.7765625 0.06875 0.075
1 0.5234375 0.728125 0.06875 0.065625
1 0.453125 0.68125 0.05625 0.071875
1 0.4671875 0.646875 0.05 0.0625
1 0.409375 0.60625 0.05 0.059375
0 0.8640625 0.90625 0.153125 0.15
1 0.559375 0.7125 0.053125 0.06875
1 0.3125 0.5953125 0.05 0.065625
1 0.3375 0.58125 0.05 0.059375
1 0.3453125 0.5296875 0.053125 0.059375
1 0.29375 0.5265625 0.046875 0.05625
1 0.275 0.5421875 0.046875 0.053125
1 0.2359375 0.5109375 0.040625 0.05625
1 0.1828125 0.4671875 0.034375 0.0375
0 0.259375 0.465625 0.121875 0.11875
1 0.1609375 0.440625 0.04375 0.059375
1 0.1234375 0.43125 0.034375 0.040625
0 0.6828125 0.784375 0.178125 0.159375
1 0.084375 0.3890625 0.040625 0.0375
1 0.10625 0.39375 0.034375 0.0375