0 0.61875 0.2671875 0.040625 0.065625
0 0.659375 0.26875 0.04375 0.065625
1 0.5765625 0.55 0.05625 0.06875
1 0.7046875 0.63125 0.05625 0.06875
1 0.8640625 0.68125 0.05625 0.065625
1 0.9375 0.734375 0.0625 0.06875
1 0.69375 0.3890625 0.03125 0.040625
1 0.8203125 0.2109375 0.01875 0.028125
1 0.925 0.1390625 0.021875 0.028125
1 0.20625 0.340625 0.028125 0.0375
1 0.1828125 0.35625 0.025 0.03125
1 0.15625 0.3703125 0.028125 0.034375
1 0.1171875 0.334375 0.025 0.03125
1 0.0921875 0.278125 0.025 0.034375
1 0.1125 0.2453125 0.021875 0.025
1 0.303125 0.228125 0.028125 0.03125
1 0.2078125 0.1890625 0.028125 0.025
1 0.15 0.1609375 0.021875 0.028125
1 0.1234375 0.1546875 0.021875 0.021875
1 0.1078125 0.1453125 0.01875 0.01875
1 0.0265625 0.2375 0.01875 0.025