1 0.259375 0.13125 0.065625 0.053125
1 0.509375 0.525 0.140625 0.1671875
1 0.5765625 0.4328125 0.1203125 0.1015625
1 0.7015625 0.515625 0.121875 0.1484375
1 0.8328125 0.609375 0.125 0.1453125
1 0.9609375 0.7078125 0.078125 0.146875
1 0.315625 0.1578125 0.0703125 0.0609375
1 0.228125 0.171875 0.0703125 0.0515625
1 0.39375 0.09375 0.071875 0.034375
1 0.4015625 0.115625 0.05625 0.046875
1 0.49375 0.0703125 0.0640625 0.0359375
1 0.5234375 0.0828125 0.0484375 0.034375
1 0.0078125 0.1234375 0.015625 0.0265625
1 0.0390625 0.115625 0.0359375 0.034375
1 0.021875 0.140625 0.03125 0.0390625
1 0.046875 0.2421875 0.08125 0.053125
1 0.059375 0.3203125 0.0828125 0.0546875