1 0.44375 0.2984375 0.040625 0.08125
1 0.34375 0.4390625 0.075 0.08125
1 0.15625 0.5046875 0.084375 0.06875
1 0.309375 0.071875 0.040625 0.0375
1 0.196875 0.1453125 0.0375 0.05625
1 0.1765625 0.1640625 0.0375 0.046875
1 0.15 0.125 0.03125 0.05
1 0.7484375 0.18125 0.0375 0.034375
1 0.8515625 0.1890625 0.034375 0.05
1 0.8796875 0.184375 0.03125 0.05625
1 0.903125 0.1796875 0.03125 0.05625
1 0.9765625 0.25625 0.04375 0.046875
1 0.6953125 0.134375 0.04375 0.034375
1 0.8390625 0.11875 0.034375 0.04375
1 0.5921875 0.0734375 0.034375 0.034375
1 0.39375 0.2 0.040625 0.046875
1 0.3296875 0.2734375 0.0625 0.06875
0 0.321875 0.034375 0.0625 0.06875