1 0.834375 0.615625 0.053125 0.065625
1 0.846875 0.584375 0.040625 0.053125
0 0.9078125 0.5765625 0.14375 0.13125
1 0.9078125 0.653125 0.05625 0.053125
1 0.9359375 0.6296875 0.0625 0.071875
1 0.978125 0.690625 0.04375 0.0625
1 0.6 0.2828125 0.025 0.0375
1 0.6203125 0.2890625 0.0125 0.028125
1 0.65 0.2765625 0.025 0.034375
1 0.634375 0.29375 0.021875 0.0375
1 0.7046875 0.2578125 0.025 0.028125
1 0.159375 0.315625 0.0375 0.03125
1 0.1390625 0.3296875 0.021875 0.040625
1 0.1203125 0.315625 0.021875 0.025
1 0.1375 0.2953125 0.021875 0.03125
1 0.0984375 0.290625 0.021875 0.03125
1 0.115625 0.2890625 0.015625 0.03125
1 0.084375 0.28125 0.0125 0.034375
1 0.09375 0.2578125 0.01875 0.03125
1 0.0765625 0.265625 0.01875 0.021875
1 0.08125 0.2546875 0.015625 0.025
1 0.065625 0.25625 0.0125 0.025
1 0.0734375 0.240625 0.0125 0.025
1 0.053125 0.2375 0.015625 0.025
1 0.0625 0.2296875 0.009375 0.01875