0 0.634375 0.2765625 0.0375 0.0640625
0 0.675 0.2796875 0.0390625 0.0640625
1 0.5734375 0.5546875 0.0515625 0.065625
1 0.6953125 0.6453125 0.053125 0.065625
1 0.85 0.70625 0.053125 0.0609375
1 0.9203125 0.7640625 0.059375 0.0640625
1 0.7015625 0.403125 0.028125 0.0375
1 0.8390625 0.234375 0.0171875 0.0265625
1 0.9484375 0.1703125 0.0203125 0.0265625
1 0.21875 0.3203125 0.025 0.0359375
1 0.19375 0.334375 0.0234375 0.03125
1 0.165625 0.346875 0.025 0.0328125
1 0.1296875 0.3078125 0.0234375 0.0296875
1 0.109375 0.25 0.021875 0.034375
1 0.13125 0.21875 0.0203125 0.025
1 0.321875 0.215625 0.0265625 0.0296875
1 0.2296875 0.16875 0.025 0.0234375
1 0.175 0.1375 0.01875 0.0265625
1 0.1484375 0.1296875 0.0203125 0.021875
1 0.1328125 0.11875 0.01875 0.01875
1 0.0453125 0.2046875 0.015625 0.0234375