1 0.06875 0.146875 0.015625 0.028125
1 0.1046875 0.1515625 0.021875 0.028125
1 0.1 0.18125 0.01875 0.034375
1 0.1890625 0.29375 0.025 0.05
1 0.1640625 0.359375 0.034375 0.065625
1 0.328125 0.35 0.0375 0.046875
1 0.5265625 0.328125 0.04375 0.05
1 0.625 0.4140625 0.05 0.053125
1 0.6625 0.4140625 0.046875 0.053125
1 0.6671875 0.3703125 0.034375 0.04375
1 0.7109375 0.415625 0.05 0.05
1 0.7578125 0.509375 0.05625 0.059375
1 0.8078125 0.50625 0.046875 0.053125
1 0.9 0.6078125 0.053125 0.065625
1 0.915625 0.5828125 0.05625 0.059375
1 0.6890625 0.196875 0.028125 0.03125
1 0.721875 0.1859375 0.028125 0.03125
1 0.7515625 0.1765625 0.021875 0.03125
1 0.80625 0.1421875 0.025 0.028125
1 0.53125 0.1 0.021875 0.03125
1 0.5796875 0.0609375 0.028125 0.025
1 0.5984375 0.0578125 0.021875 0.021875
0 0.1515625 0.225 0.05625 0.090625