0 0.359375 0.25 0.125 0.1484375
1 0.503125 0.384375 0.0984375 0.090625
1 0.5671875 0.4953125 0.1203125 0.1296875
1 0.71875 0.5296875 0.13125 0.1203125
1 0.7546875 0.6359375 0.140625 0.134375
1 0.921875 0.68125 0.1265625 0.1375
1 0.8703125 0.865625 0.15 0.184375
1 0.221875 0.2515625 0.0328125 0.071875
1 0.2484375 0.196875 0.0625 0.053125
1 0.509375 0.1234375 0.0546875 0.0515625
1 0.0171875 0.1328125 0.0265625 0.0359375
1 0.034375 0.125 0.0296875 0.034375
1 0.046875 0.090625 0.0265625 0.0328125
1 0.01875 0.0765625 0.025 0.034375