1 0.171875 0.6703125 0.040625 0.05
1 0.0578125 0.915625 0.053125 0.053125
1 0.0765625 0.940625 0.05 0.0375
1 0.4546875 0.590625 0.04375 0.053125
1 0.5109375 0.6375 0.04375 0.05625
1 0.5375 0.6203125 0.040625 0.053125
1 0.3875 0.5390625 0.034375 0.0375
1 0.540625 0.49375 0.034375 0.04375
1 0.2859375 0.446875 0.025 0.034375
1 0.228125 0.3953125 0.021875 0.034375
1 0.2328125 0.3796875 0.021875 0.028125
1 0.240625 0.359375 0.01875 0.025
1 0.2265625 0.3390625 0.01875 0.021875
1 0.95 0.5359375 0.0375 0.034375
1 0.96875 0.4984375 0.025 0.0375
1 0.86875 0.45 0.034375 0.034375
1 0.9765625 0.4734375 0.028125 0.03125
1 0.9015625 0.4109375 0.025 0.021875
1 0.909375 0.396875 0.034375 0.03125
1 0.984375 0.44375 0.028125 0.025
1 0.9890625 0.4203125 0.021875 0.028125
1 0.6578125 0.4140625 0.028125 0.03125
1 0.6171875 0.396875 0.028125 0.0375
1 0.5328125 0.3453125 0.028125 0.0375
1 0.71875 0.38125 0.028125 0.034375
1 0.7453125 0.3984375 0.03125 0.025
1 0.6859375 0.3078125 0.025 0.028125
1 0.759375 0.3359375 0.028125 0.028125
1 0.7609375 0.3796875 0.028125 0.040625
1 0.6703125 0.346875 0.034375 0.025
0 0.3375 0.5265625 0.0625 0.08125
0 0.2875 0.3796875 0.05625 0.065625
0 0.1546875 0.325 0.0375 0.040625
0 0.1609375 0.2921875 0.040625 0.040625
0 0.1203125 0.24375 0.028125 0.0375
1 0.7828125 0.315625 0.025 0.03125