1 0.5375 0.48125 0.0625 0.08125
1 0.321875 0.3328125 0.05625 0.05625
1 0.0328125 0.5515625 0.065625 0.0625
1 0.8671875 0.5140625 0.059375 0.084375
1 0.475 0.278125 0.034375 0.046875
1 0.70625 0.121875 0.046875 0.05625
0 0.546875 0.20625 0.09375 0.090625
0 0.8359375 0.0953125 0.05 0.065625
0 0.2765625 0.2125 0.065625 0.084375
1 0.3609375 0.2375 0.046875 0.040625
1 0.084375 0.271875 0.025 0.0375
1 0.10625 0.259375 0.01875 0.03125
1 0.0875 0.246875 0.01875 0.028125
1 0.05625 0.253125 0.021875 0.0375
1 0.0671875 0.23125 0.021875 0.03125
1 0.040625 0.2359375 0.025 0.034375
1 0.0359375 0.20625 0.021875 0.03125
1 0.0125 0.215625 0.01875 0.028125
1 0.003125 0.1953125 0.00625 0.028125