1 0.4203125 0.909375 0.1375 0.18125
1 0.80625 0.4390625 0.06875 0.1
1 0.8203125 0.35625 0.05625 0.06875
1 0.878125 0.371875 0.05 0.06875
1 0.8953125 0.296875 0.0375 0.0625
1 0.9359375 0.3296875 0.0375 0.071875
1 0.940625 0.259375 0.03125 0.05
1 0.9671875 0.2890625 0.040625 0.071875
1 0.965625 0.2328125 0.028125 0.04375
1 0.28125 0.35625 0.071875 0.0875
1 0.3109375 0.253125 0.059375 0.084375
1 0.2671875 0.2125 0.04375 0.065625
1 0.240625 0.1734375 0.040625 0.05625
1 0.2109375 0.153125 0.03125 0.053125
0 0.66875 0.45 0.1375 0.18125