1 0.034375 0.796875 0.06875 0.06875
0 0.009375 0.7515625 0.01875 0.090625
1 0.2640625 0.4015625 0.05 0.084375
1 0.24375 0.353125 0.034375 0.0375
1 0.1859375 0.2671875 0.021875 0.025
1 0.3640625 0.3859375 0.034375 0.04375
1 0.371875 0.353125 0.0375 0.046875
1 0.4359375 0.3734375 0.04375 0.059375
0 0.43125 0.4671875 0.0625 0.075
1 0.4359375 0.4328125 0.040625 0.053125
1 0.51875 0.4796875 0.053125 0.065625
1 0.2140625 0.2140625 0.028125 0.04375
1 0.246875 0.2671875 0.03125 0.05
1 0.2671875 0.2484375 0.028125 0.04375
1 0.3015625 0.328125 0.03125 0.040625
1 0.309375 0.3015625 0.034375 0.046875
1 0.1671875 0.2015625 0.025 0.03125
1 0.1421875 0.2015625 0.025 0.03125
1 0.228125 0.1890625 0.028125 0.040625
1 0.1765625 0.1796875 0.028125 0.034375
1 0.1484375 0.1734375 0.025 0.0375
1 0.1171875 0.1609375 0.025 0.034375
1 0.1421875 0.134375 0.025 0.034375
1 0.1734375 0.14375 0.021875 0.034375
1 0.125 0.1 0.025 0.040625
1 0.1046875 0.1046875 0.0125 0.01875
1 0.103125 0.1296875 0.01875 0.021875
1 0.0875 0.078125 0.01875 0.028125
1 0.640625 0.5953125 0.0625 0.065625
1 0.6859375 0.5765625 0.05625 0.078125
1 0.7625 0.7140625 0.05625 0.065625
1 0.6578125 0.315625 0.040625 0.053125
1 0.6734375 0.33125 0.0375 0.0375
1 0.696875 0.3390625 0.034375 0.034375
1 0.6921875 0.30625 0.03125 0.0375
1 0.7265625 0.2953125 0.0375 0.034375
1 0.7171875 0.315625 0.034375 0.034375
1 0.7921875 0.290625 0.034375 0.034375
1 0.84375 0.2640625 0.028125 0.040625
1 0.8890625 0.2703125 0.025 0.025
1 0.996875 0.2359375 0.00625 0.021875