1 0.6734375 0.778125 0.075 0.06875
1 0.9140625 0.83125 0.071875 0.11875
1 0.8609375 0.7625 0.0625 0.1125
1 0.7640625 0.6890625 0.065625 0.096875
1 0.7015625 0.6125 0.0625 0.096875
1 0.6265625 0.5625 0.05 0.084375
1 0.546875 0.4875 0.046875 0.096875
1 0.4875 0.45 0.040625 0.0875
1 0.4125 0.4 0.040625 0.090625
1 0.425 0.8984375 0.071875 0.103125
1 0.3703125 0.371875 0.040625 0.08125
1 0.7265625 0.584375 0.05625 0.075
1 0.6078125 0.5 0.04375 0.071875
0 0.48125 0.3578125 0.109375 0.140625
0 0.3390625 0.2484375 0.084375 0.125
0 0.275 0.2765625 0.04375 0.075
1 0.1796875 0.2421875 0.034375 0.065625
1 0.2015625 0.2609375 0.0375 0.071875
1 0.134375 0.2015625 0.05 0.0625
1 0.23125 0.2359375 0.040625 0.075
0 0.05625 0.1375 0.065625 0.0875
1 0.1515625 0.1671875 0.034375 0.06875