1 0.95625 0.69375 0.0453125 0.0578125
1 0.8046875 0.203125 0.0359375 0.040625
1 0.75625 0.1953125 0.040625 0.0375
1 0.6265625 0.1671875 0.046875 0.0359375
1 0.5234375 0.1609375 0.05 0.04375
1 0.45625 0.1578125 0.046875 0.0390625
1 0.39375 0.1546875 0.040625 0.0375
1 0.2359375 0.159375 0.0484375 0.0390625
1 0.1765625 0.165625 0.040625 0.040625
1 0.0921875 0.178125 0.0375 0.04375
1 0.053125 0.1890625 0.03125 0.03125
1 0.8203125 0.128125 0.025 0.034375
1 0.840625 0.1671875 0.0265625 0.0421875
1 0.828125 0.05625 0.0296875 0.03125
1 0.8015625 0.26875 0.025 0.0546875
1 0.696875 0.2546875 0.021875 0.0515625
1 0.671875 0.2515625 0.021875 0.05
1 0.640625 0.2484375 0.025 0.0484375
1 0.609375 0.240625 0.025 0.05
1 0.58125 0.2390625 0.0234375 0.0484375
1 0.546875 0.2328125 0.028125 0.0484375
1 0.515625 0.23125 0.0203125 0.0484375
1 0.4875 0.2265625 0.0203125 0.059375
1 0.45 0.23125 0.025 0.053125
1 0.421875 0.2296875 0.0265625 0.0515625
1 0.334375 0.2296875 0.028125 0.05
1 0.0390625 0.2578125 0.0296875 0.053125
1 0.3 0.23125 0.0265625 0.0484375
1 0.2671875 0.23125 0.0296875 0.0546875
1 0.2359375 0.228125 0.028125 0.0546875
1 0.20625 0.2359375 0.0328125 0.0546875
1 0.1796875 0.2375 0.0296875 0.05625
1 0.1546875 0.2390625 0.0265625 0.0484375
1 0.128125 0.240625 0.03125 0.05625
1 0.103125 0.240625 0.0265625 0.05625
1 0.08125 0.246875 0.028125 0.0546875
0 0.6546875 0.4109375 0.0453125 0.1359375
0 0.7625 0.5234375 0.1484375 0.1109375
0 0.86875 0.203125 0.0359375 0.075