1 0.234375 0.584375 0.053125 0.0578125
1 0.4328125 0.471875 0.046875 0.0421875
1 0.3453125 0.3453125 0.0265625 0.0390625
1 0.2265625 0.26875 0.021875 0.028125
1 0.1703125 0.21875 0.0171875 0.028125
1 0.1265625 0.19375 0.015625 0.015625
1 0.1 0.25 0.0140625 0.0171875
1 0.1015625 0.284375 0.021875 0.0265625
1 0.125 0.303125 0.0203125 0.034375
0 0.146875 0.3171875 0.0296875 0.05
0 0.6140625 0.3609375 0.065625 0.06875
0 0.621875 0.2640625 0.053125 0.0640625
0 0.75 0.2390625 0.0296875 0.0453125
0 0.85 0.209375 0.028125 0.0328125
1 0.8796875 0.6234375 0.0625 0.05625
1 0.91875 0.51875 0.05 0.046875
1 0.178125 0.3171875 0.0234375 0.0265625
1 0.6546875 0.2984375 0.028125 0.028125
1 0.6421875 0.2828125 0.025 0.028125
1 0.66875 0.278125 0.0234375 0.021875
1 0.6828125 0.2890625 0.0203125 0.0234375
1 0.690625 0.2671875 0.0203125 0.0234375
1 0.703125 0.2796875 0.0234375 0.025
1 0.7140625 0.259375 0.015625 0.0265625
1 0.725 0.2734375 0.0203125 0.021875
1 0.7484375 0.2625 0.0203125 0.0265625
1 0.703125 0.31875 0.025 0.03125
1 0.7375 0.315625 0.0234375 0.0265625
1 0.7421875 0.2890625 0.025 0.0359375
1 0.7875 0.2875 0.0234375 0.03125
1 0.8296875 0.26875 0.0171875 0.0265625
1 0.8734375 0.2578125 0.0203125 0.0265625
1 0.8828125 0.2125 0.0125 0.0203125
1 0.5125 0.2203125 0.025 0.0234375
1 0.54375 0.2109375 0.025 0.0296875
1 0.5796875 0.1984375 0.021875 0.015625