0 0.6109375 0.809375 0.08125 0.16875
0 0.4375 0.5859375 0.1 0.11875
0 0.178125 0.4875 0.09375 0.075
0 0.0859375 0.503125 0.0875 0.078125
0 0.684375 0.3890625 0.028125 0.078125
0 0.8 0.546875 0.1125 0.11875
1 0.509375 0.8015625 0.05 0.05625
1 0.4671875 0.8453125 0.05625 0.071875
1 0.5359375 0.8421875 0.053125 0.084375
1 0.559375 0.925 0.053125 0.078125
1 0.4875 0.9109375 0.05 0.071875
1 0.3578125 0.95625 0.08125 0.08125
1 0.4234375 0.90625 0.05625 0.084375
1 0.4421875 0.953125 0.065625 0.09375
1 0.5015625 0.9796875 0.053125 0.040625
1 0.975 0.59375 0.046875 0.05625
1 0.928125 0.6296875 0.05625 0.05
1 0.9015625 0.6140625 0.053125 0.053125
1 0.85 0.63125 0.04375 0.059375
1 0.7 0.565625 0.05 0.05
1 0.646875 0.596875 0.05625 0.046875
1 0.5828125 0.553125 0.053125 0.05
1 0.5640625 0.565625 0.05 0.05
1 0.503125 0.54375 0.046875 0.05
1 0.5375 0.4609375 0.046875 0.046875
1 0.615625 0.434375 0.025 0.04375
1 0.6453125 0.409375 0.025 0.04375
1 0.66875 0.4203125 0.01875 0.0375
1 0.690625 0.415625 0.021875 0.046875
1 0.721875 0.43125 0.025 0.046875
1 0.153125 0.60625 0.053125 0.034375
1 0.08125 0.5890625 0.04375 0.05
1 0.0234375 0.584375 0.046875 0.06875
1 0.159375 0.553125 0.04375 0.059375
1 0.2078125 0.5234375 0.040625 0.0375
1 0.3484375 0.5640625 0.046875 0.059375
1 0.328125 0.5359375 0.040625 0.059375
1 0.2625 0.546875 0.05625 0.04375
1 0.0140625 0.5 0.028125 0.046875
1 0.7515625 0.403125 0.021875 0.03125
1 0.7671875 0.371875 0.015625 0.025
1 0.7828125 0.3515625 0.01875 0.025
1 0.70625 0.384375 0.028125 0.028125
1 0.7328125 0.359375 0.021875 0.04375
1 0.75625 0.3453125 0.021875 0.028125