1 0.95625 0.7765625 0.071875 0.0875
1 0.875 0.64375 0.059375 0.06875
1 0.6703125 0.5015625 0.040625 0.059375
1 0.6375 0.415625 0.0375 0.046875
1 0.696875 0.3890625 0.03125 0.046875
1 0.7390625 0.275 0.021875 0.03125
1 0.7859375 0.1921875 0.021875 0.03125
1 0.8640625 0.134375 0.015625 0.021875
1 0.8921875 0.140625 0.01875 0.01875
1 0.88125 0.1171875 0.01875 0.025
1 0.9109375 0.1015625 0.015625 0.021875
1 0.415625 0.4546875 0.046875 0.053125
1 0.3390625 0.4703125 0.040625 0.05625
1 0.215625 0.5765625 0.040625 0.05625
1 0.2234375 0.4328125 0.0375 0.05
1 0.2375 0.4046875 0.03125 0.04375
1 0.2859375 0.4375 0.0375 0.053125
1 0.2921875 0.4046875 0.0375 0.053125
1 0.2140625 0.35625 0.03125 0.040625
1 0.1875 0.36875 0.03125 0.040625
1 0.178125 0.3953125 0.03125 0.0375
1 0.146875 0.3390625 0.021875 0.034375
1 0.146875 0.309375 0.021875 0.04375
1 0.15 0.271875 0.021875 0.0375
1 0.1015625 0.303125 0.021875 0.03125
1 0.065625 0.296875 0.021875 0.028125
1 0.29375 0.2328125 0.03125 0.040625
1 0.6078125 0.2734375 0.028125 0.0375
1 0.646875 0.25 0.025 0.028125
1 0.6734375 0.2375 0.028125 0.03125
1 0.703125 0.2234375 0.021875 0.03125
1 0.71875 0.2046875 0.025 0.03125
1 0.740625 0.1921875 0.028125 0.03125
1 0.7734375 0.171875 0.025 0.028125
1 0.01875 0.2328125 0.0125 0.01875
1 0.1078125 0.203125 0.01875 0.028125
1 0.140625 0.178125 0.021875 0.025
1 0.1015625 0.1609375 0.021875 0.025
0 0.0109375 0.24375 0.021875 0.04375
0 0.6390625 0.28125 0.040625 0.04375
0 0.815625 0.1484375 0.028125 0.040625