1 0.6296875 0.903125 0.0859375 0.0828125
1 0.821875 0.896875 0.078125 0.06875
1 0.9375 0.9453125 0.0671875 0.06875
1 0.925 0.9046875 0.0765625 0.071875
1 0.8203125 0.8453125 0.0703125 0.06875
1 0.7296875 0.8125 0.05625 0.06875
1 0.6328125 0.759375 0.0578125 0.065625
1 0.559375 0.721875 0.0609375 0.05625
1 0.48125 0.6859375 0.046875 0.065625
1 0.490625 0.65 0.0421875 0.0578125
1 0.4265625 0.61875 0.04375 0.053125
0 0.9234375 0.84375 0.1328125 0.13125
1 0.5921875 0.7 0.04375 0.0640625
1 0.3296875 0.6234375 0.0421875 0.0609375
1 0.3515625 0.60625 0.040625 0.0546875
1 0.3515625 0.553125 0.046875 0.0515625
1 0.3 0.5578125 0.0390625 0.05
1 0.284375 0.5765625 0.040625 0.0484375
1 0.240625 0.5515625 0.034375 0.0515625
1 0.18125 0.5171875 0.0296875 0.034375
0 0.25625 0.503125 0.1078125 0.103125
1 0.15625 0.49375 0.034375 0.053125
1 0.1171875 0.490625 0.028125 0.0375
0 0.725 0.7515625 0.1578125 0.1375
1 0.071875 0.45625 0.034375 0.0328125
1 0.09375 0.45625 0.0296875 0.034375