1 0.190625 0.7078125 0.03125 0.0359375
1 0.1015625 0.959375 0.04375 0.0546875
1 0.1265625 0.9796875 0.034375 0.040625
1 0.4125 0.5625 0.034375 0.0390625
1 0.446875 0.5125 0.028125 0.03125
1 0.540625 0.4890625 0.03125 0.0359375
1 0.63125 0.6203125 0.0375 0.040625
1 0.4796875 0.6078125 0.034375 0.04375
1 0.534375 0.640625 0.0375 0.0421875
1 0.85 0.609375 0.0234375 0.04375
1 0.953125 0.490625 0.0296875 0.0359375
1 0.9640625 0.45 0.0234375 0.0359375
1 0.9703125 0.428125 0.0234375 0.0328125
1 0.8625 0.415625 0.0328125 0.03125
1 0.8890625 0.3671875 0.0234375 0.0265625
1 0.8984375 0.353125 0.025 0.0234375
1 0.9328125 0.4015625 0.015625 0.0296875
1 0.953125 0.365625 0.021875 0.0203125
1 0.978125 0.39375 0.01875 0.0234375
1 0.9859375 0.3703125 0.0265625 0.028125
1 0.73125 0.375 0.0296875 0.025
1 0.746875 0.353125 0.0234375 0.028125
1 0.703125 0.3578125 0.0265625 0.025
1 0.646875 0.396875 0.028125 0.0296875
1 0.5140625 0.34375 0.028125 0.03125
1 0.659375 0.2890625 0.0265625 0.03125
1 0.6328125 0.25625 0.0265625 0.021875
1 0.715625 0.2234375 0.015625 0.0171875
0 0.3390625 0.5453125 0.0515625 0.0765625
0 0.11875 0.2734375 0.01875 0.034375