1 0.540625 0.565625 0.05625 0.05625
1 0.6515625 0.46875 0.0375 0.04375
1 0.8296875 0.678125 0.05 0.065625
0 0.8640625 0.6453125 0.078125 0.10625
1 0.34375 0.3734375 0.03125 0.03125
1 0.5484375 0.353125 0.05625 0.053125
0 0.253125 0.309375 0.053125 0.040625
1 0.18125 0.340625 0.040625 0.046875
1 0.1828125 0.3875 0.025 0.04375
1 0.159375 0.36875 0.015625 0.040625
1 0.1390625 0.3484375 0.03125 0.05
1 0.7265625 0.321875 0.034375 0.05625
1 0.8109375 0.2546875 0.03125 0.053125
0 0.7671875 0.2015625 0.0375 0.0625
1 0.8609375 0.2 0.025 0.04375
1 0.9109375 0.1875 0.01875 0.025
1 0.8953125 0.1671875 0.021875 0.034375
1 0.8703125 0.1671875 0.028125 0.028125
1 0.94375 0.1625 0.01875 0.015625
1 0.940625 0.13125 0.01875 0.021875
1 0.1515625 0.265625 0.03125 0.0375
1 0.0953125 0.1984375 0.028125 0.021875