1 0.4984375 0.525 0.05625 0.059375
1 0.553125 0.521875 0.05625 0.0625
1 0.7 0.446875 0.034375 0.0375
1 0.740625 0.384375 0.028125 0.04375
1 0.690625 0.3453125 0.03125 0.0375
1 0.4109375 0.4734375 0.053125 0.059375
1 0.4453125 0.453125 0.05625 0.06875
1 0.3796875 0.4078125 0.040625 0.04375
1 0.3515625 0.421875 0.046875 0.046875
1 0.2328125 0.4828125 0.040625 0.065625
1 0.2671875 0.334375 0.03125 0.0375
1 0.31875 0.3515625 0.0375 0.046875
1 0.3640625 0.3359375 0.034375 0.0375
1 0.2765625 0.265625 0.021875 0.025
1 0.2109375 0.3203125 0.028125 0.034375
0 0.265625 0.2875 0.0375 0.040625
0 0.1015625 0.1328125 0.025 0.0375
0 0.1453125 0.14375 0.025 0.03125
0 0.85 0.73125 0.090625 0.115625
1 0.7171875 0.6171875 0.059375 0.0625
1 0.896875 0.85 0.0625 0.06875
1 0.6328125 0.3265625 0.034375 0.034375
1 0.665625 0.315625 0.03125 0.03125
1 0.703125 0.3015625 0.028125 0.03125
1 0.7328125 0.2890625 0.028125 0.034375
1 0.7640625 0.2796875 0.028125 0.03125
1 0.7984375 0.26875 0.025 0.03125
1 0.8203125 0.2734375 0.021875 0.03125
1 0.8359375 0.2609375 0.025 0.028125
1 0.859375 0.253125 0.021875 0.021875
1 0.878125 0.246875 0.025 0.028125
1 0.9125 0.240625 0.01875 0.021875
1 0.9828125 0.2234375 0.015625 0.021875
1 0.0203125 0.759375 0.040625 0.075
1 0.2140625 0.23125 0.028125 0.0375
1 0.1640625 0.2453125 0.03125 0.0375
1 0.134375 0.190625 0.025 0.034375
1 0.1671875 0.1890625 0.021875 0.028125
1 0.20625 0.184375 0.025 0.025
1 0.246875 0.1859375 0.028125 0.03125
1 0.2703125 0.2109375 0.025 0.034375
1 0.3671875 0.1921875 0.034375 0.028125
1 0.2 0.1125 0.025 0.025
1 0.1890625 0.1046875 0.025 0.025
1 0.2359375 0.0953125 0.028125 0.025
1 0.13125 0.0921875 0.01875 0.021875
1 0.115625 0.134375 0.021875 0.025