1 0.6296875 0.7734375 0.084375 0.115625
1 0.6171875 0.6296875 0.0671875 0.0921875
1 0.715625 0.65625 0.0453125 0.084375
1 0.81875 0.7 0.059375 0.0765625
1 0.9078125 0.75625 0.0765625 0.11875
1 0.978125 0.8234375 0.04375 0.103125
0 0.9515625 0.7203125 0.096875 0.190625
1 0.8609375 0.6640625 0.059375 0.09375
1 0.765625 0.6234375 0.0546875 0.096875
1 0.7125 0.5640625 0.0625 0.09375
1 0.66875 0.5921875 0.0609375 0.078125
1 0.6140625 0.5484375 0.05 0.0703125
1 0.5703125 0.5609375 0.05 0.0671875
1 0.6515625 0.5203125 0.0484375 0.0703125
1 0.4921875 0.5046875 0.046875 0.0890625
1 0.5265625 0.48125 0.046875 0.084375
1 0.5671875 0.4765625 0.05 0.078125
1 0.4390625 0.4578125 0.04375 0.0671875
1 0.428125 0.371875 0.04375 0.059375
1 0.3765625 0.4109375 0.0421875 0.071875
1 0.4828125 0.44375 0.040625 0.0625
1 0.44375 0.4046875 0.04375 0.0515625
1 0.3953125 0.3859375 0.0375 0.08125
1 0.3390625 0.346875 0.046875 0.0796875
1 0.3796875 0.3515625 0.034375 0.059375
1 0.284375 0.3546875 0.0375 0.05
1 0.29375 0.3171875 0.0234375 0.059375
0 0.346875 0.2765625 0.0953125 0.109375
0 0.2609375 0.21875 0.075 0.1140625
1 0.2515625 0.325 0.028125 0.0625
0 0.2296875 0.2515625 0.0453125 0.08125
1 0.221875 0.3 0.0375 0.0671875
1 0.2625 0.2984375 0.03125 0.059375
1 0.275 0.271875 0.021875 0.05625
1 0.1859375 0.2828125 0.0296875 0.0515625
1 0.196875 0.2265625 0.034375 0.0515625
1 0.15625 0.246875 0.0328125 0.059375
1 0.171875 0.20625 0.0265625 0.0390625
1 0.140625 0.1796875 0.028125 0.0484375