1 0.471875 0.1578125 0.0625 0.046875
1 0.578125 0.1515625 0.046875 0.05
1 0.7140625 0.1578125 0.05 0.040625
1 0.7609375 0.159375 0.0375 0.04375
1 0.346875 0.171875 0.053125 0.0375
1 0.1921875 0.1953125 0.05625 0.04375
1 0.1328125 0.2140625 0.046875 0.034375
1 0.0484375 0.2328125 0.046875 0.025
1 0.015625 0.253125 0.03125 0.05
1 0.015625 0.321875 0.03125 0.0625
1 0.0484375 0.3015625 0.021875 0.059375
1 0.3015625 0.2546875 0.0375 0.075
1 0.2640625 0.259375 0.034375 0.075
1 0.23125 0.2734375 0.0375 0.071875
1 0.2 0.26875 0.025 0.065625
1 0.1734375 0.2765625 0.03125 0.05625
1 0.146875 0.2828125 0.028125 0.053125
1 0.128125 0.296875 0.034375 0.0625
1 0.0953125 0.2921875 0.028125 0.0625
1 0.540625 0.2296875 0.0375 0.071875
1 0.509375 0.23125 0.034375 0.0625
1 0.475 0.2296875 0.034375 0.05625
1 0.4484375 0.2296875 0.028125 0.053125
1 0.4140625 0.240625 0.03125 0.05625
1 0.38125 0.240625 0.03125 0.065625
1 0.5765625 0.2328125 0.034375 0.0625
1 0.6046875 0.2265625 0.034375 0.059375
1 0.6359375 0.23125 0.034375 0.059375
1 0.6609375 0.2265625 0.0375 0.0625
0 0.6375 0.384375 0.065625 0.14375
1 0.7640625 0.225 0.034375 0.059375
1 0.7609375 0.08125 0.028125 0.040625
1 0.79375 0.115625 0.021875 0.040625
0 0.821875 0.15 0.046875 0.09375