1 0.703125 0.36875 0.0671875 0.059375
1 0.821875 0.91875 0.121875 0.1609375
1 0.35 0.2921875 0.0546875 0.078125
1 0.434375 0.1921875 0.046875 0.0609375
1 0.2296875 0.2640625 0.0265625 0.1109375
1 0.29375 0.240625 0.0421875 0.065625
1 0.2234375 0.14375 0.0375 0.0453125
1 0.196875 0.1140625 0.0375 0.05
1 0.121875 0.01875 0.0296875 0.034375
0 0.275 0.0453125 0.0453125 0.05625
0 0.3109375 0.0359375 0.0640625 0.071875
1 0.74375 0.1734375 0.0390625 0.04375
1 0.8453125 0.1859375 0.0390625 0.04375
1 0.8734375 0.1828125 0.0296875 0.0421875
1 0.8953125 0.1796875 0.03125 0.0484375
1 0.6859375 0.13125 0.040625 0.040625
1 0.83125 0.1203125 0.04375 0.0375
1 0.7859375 0.115625 0.04375 0.0484375
1 0.596875 0.075 0.0578125 0.05
0 0.5125 0.340625 0.140625 0.1171875