1 0.5984375 0.4875 0.05625 0.05
1 0.6390625 0.7046875 0.071875 0.09375
0 0.440625 0.4546875 0.128125 0.05625
0 0.8953125 0.64375 0.0875 0.103125
0 0.3640625 0.384375 0.109375 0.065625
0 0.6078125 0.278125 0.053125 0.0375
1 0.6359375 0.3 0.021875 0.025
1 0.3515625 0.4953125 0.046875 0.059375
1 0.2671875 0.4046875 0.028125 0.046875
1 0.3125 0.4328125 0.034375 0.034375
1 0.225 0.3703125 0.028125 0.0375
1 0.184375 0.3640625 0.025 0.046875
1 0.15625 0.3359375 0.028125 0.040625
1 0.1421875 0.3 0.021875 0.03125
1 0.1046875 0.296875 0.015625 0.03125
1 0.1078125 0.2640625 0.01875 0.034375
1 0.0859375 0.2734375 0.009375 0.034375
1 0.375 0.425 0.034375 0.046875
1 0.18125 0.24375 0.01875 0.025
1 0.3703125 0.340625 0.040625 0.03125