1 0.484375 0.6140625 0.109375 0.128125
1 0.2046875 0.85625 0.11875 0.1453125
1 0.7015625 0.4328125 0.0734375 0.0828125
1 0.7546875 0.4859375 0.0625 0.1265625
1 0.8421875 0.3921875 0.0546875 0.090625
1 0.271875 0.375 0.0640625 0.096875
1 0.2046875 0.296875 0.0453125 0.0796875
1 0.171875 0.253125 0.040625 0.065625
1 0.225 0.1953125 0.0375 0.059375
1 0.19375 0.165625 0.0328125 0.046875
1 0.3 0.2625 0.0453125 0.0796875
1 0.35625 0.31875 0.06875 0.0890625
1 0.8578125 0.303125 0.0453125 0.05625
1 0.9109375 0.3171875 0.04375 0.0609375
1 0.93125 0.240625 0.034375 0.05625
1 0.971875 0.328125 0.0390625 0.0703125
1 0.9859375 0.1953125 0.028125 0.040625