1 0.1921875 0.3625 0.028125 0.05
1 0.278125 0.35625 0.04375 0.053125
1 0.1671875 0.9015625 0.075 0.0875
1 0.1125 0.89375 0.071875 0.084375
1 0.11875 0.334375 0.03125 0.05
1 0.1859375 0.3046875 0.03125 0.046875
1 0.1171875 0.275 0.021875 0.0375
1 0.084375 0.2453125 0.025 0.03125
1 0.00625 0.2546875 0.0125 0.021875
1 0.490625 0.340625 0.05 0.040625
1 0.596875 0.325 0.034375 0.040625
1 0.640625 0.290625 0.034375 0.040625
1 0.6203125 0.2859375 0.03125 0.034375
1 0.64375 0.24375 0.028125 0.0375
0 0.675 0.25 0.05 0.065625
0 0.703125 0.19375 0.059375 0.059375
1 0.70625 0.240625 0.03125 0.034375
1 0.771875 0.159375 0.025 0.03125
1 0.7953125 0.1453125 0.01875 0.025
1 0.81875 0.128125 0.021875 0.034375
1 0.8515625 0.1203125 0.01875 0.025
1 0.8484375 0.14375 0.015625 0.025
1 0.85625 0.1578125 0.021875 0.028125
1 0.884375 0.1203125 0.01875 0.03125