0 0.2640625 0.8546875 0.1625 0.209375
0 0.6484375 0.7953125 0.09375 0.171875
0 0.4859375 0.5765625 0.075 0.125
0 0.759375 0.5125 0.1125 0.109375
0 0.0359375 0.5234375 0.071875 0.059375
0 0.009375 0.5453125 0.01875 0.071875
1 0.8578125 0.5328125 0.05625 0.059375
1 0.98125 0.5328125 0.0375 0.065625
1 0.5453125 0.446875 0.04375 0.05
1 0.571875 0.5296875 0.034375 0.071875
1 0.5953125 0.484375 0.03125 0.05
1 0.621875 0.44375 0.025 0.0375
1 0.65625 0.4890625 0.025 0.0375
1 0.659375 0.45 0.028125 0.040625
1 0.6640625 0.3984375 0.028125 0.040625
1 0.684375 0.4015625 0.021875 0.0375
1 0.69375 0.3640625 0.021875 0.028125
1 0.7 0.4390625 0.021875 0.034375
1 0.696875 0.5296875 0.034375 0.06875
1 0.2765625 0.55 0.053125 0.040625
1 0.203125 0.534375 0.053125 0.040625
1 0.171875 0.5984375 0.034375 0.0375
1 0.16875 0.646875 0.059375 0.0375
1 0.096875 0.6375 0.05 0.046875
1 0.0359375 0.640625 0.053125 0.053125
1 0.04375 0.5890625 0.040625 0.05
1 0.0734375 0.603125 0.034375 0.0375
1 0.1078125 0.5953125 0.0375 0.046875
1 0.1375 0.6 0.0375 0.05625
1 0.1171875 0.4265625 0.0375 0.04375
1 0.0765625 0.434375 0.04375 0.0375
1 0.6125 0.9171875 0.0625 0.090625
1 0.5765625 0.8453125 0.046875 0.078125
1 0.55 0.7859375 0.0625 0.08125
1 0.5109375 0.846875 0.059375 0.075
1 0.540625 0.9078125 0.059375 0.075
1 0.5 0.9625 0.05625 0.075
1 0.471875 0.90625 0.05625 0.075
1 0.4171875 0.9671875 0.078125 0.065625
1 0.565625 0.9734375 0.05 0.05
1 0.5515625 0.6296875 0.040625 0.059375