0 0.334375 0.521875 0.078125 0.096875
1 0.5421875 0.4890625 0.0375 0.05625
1 0.31875 0.40625 0.0375 0.04375
1 0.290625 0.378125 0.03125 0.046875
1 0.8703125 0.45625 0.0375 0.059375
1 0.9015625 0.415625 0.03125 0.040625
1 0.915625 0.396875 0.034375 0.04375
1 0.953125 0.5328125 0.03125 0.046875
1 0.9734375 0.503125 0.034375 0.04375
1 0.9875 0.453125 0.021875 0.03125
0 0.2140625 0.315625 0.04375 0.05625
0 0.178125 0.2796875 0.0375 0.04375
1 0.675 0.35 0.03125 0.028125
1 0.7046875 0.3953125 0.028125 0.028125
1 0.6578125 0.415625 0.03125 0.0375
1 0.61875 0.3984375 0.03125 0.0375
1 0.746875 0.4 0.028125 0.034375
1 0.71875 0.3796875 0.03125 0.034375
1 0.7640625 0.38125 0.03125 0.034375
1 0.746875 0.353125 0.025 0.028125
1 0.7625 0.3390625 0.03125 0.028125
1 0.68125 0.3140625 0.028125 0.028125
1 0.6390625 0.2890625 0.028125 0.028125
1 0.6625 0.2734375 0.021875 0.025
1 0.678125 0.2625 0.021875 0.028125
1 0.7203125 0.3140625 0.028125 0.046875
1 0.73125 0.303125 0.015625 0.025
1 0.7875 0.3171875 0.025 0.04375
1 0.8046875 0.35 0.025 0.03125
1 0.84375 0.296875 0.0125 0.025
1 0.853125 0.3015625 0.01875 0.028125
1 0.7453125 0.2515625 0.021875 0.025
1 0.2640625 0.3578125 0.01875 0.03125
1 0.5640625 0.3625 0.028125 0.0375
1 0.534375 0.3453125 0.034375 0.04375
1 0.7203125 0.284375 0.015625 0.021875
1 0.696875 0.2546875 0.021875 0.03125
1 0.9171875 0.2859375 0.034375 0.04375
1 0.8453125 0.2625 0.021875 0.01875
1 0.86875 0.275 0.01875 0.025
1 0.7375 0.2140625 0.021875 0.0375
1 0.7546875 0.2234375 0.01875 0.025
1 0.8078125 0.2234375 0.01875 0.01875
1 0.840625 0.2390625 0.015625 0.021875
1 0.8625 0.2515625 0.025 0.025