1 0.142739621875 0.11741401250000001 0.128794340625 0.07447770625 0.10336415000000002 0.08555732499999999 0.11894905625 0.12842675312500001 0.142739621875 0.11741401250000001
1 0.24282264062499997 0.16035031875 0.217390565625 0.1201847125 0.19442075625 0.13819108125 0.221492453125 0.17688853437500002 0.24282264062499997 0.16035031875
1 0.326496225 0.350101909375 0.25348679375 0.3611847125 0.25348679375 0.4138152875 0.326496225 0.41366560625000004 0.326496225 0.350101909375
1 0.39458490625 0.453980890625 0.38638301875000003 0.40550636874999996 0.314192453125 0.42628025625 0.315832075 0.47320700625 0.39458490625 0.453980890625
1 0.622641509375 0.34456369375 0.598032075 0.3016273875 0.543067925 0.334866240625 0.562756603125 0.36949363125 0.622641509375 0.34456369375
1 0.585726415625 0.4775286625 0.58818679375 0.40135031874999993 0.552911321875 0.39996496875 0.552911321875 0.478745221875 0.585726415625 0.4775286625
1 0.6800660374999999 0.8057834406250001 0.6062339625 0.70052229375 0.5643962250000001 0.736531846875 0.646432075 0.84872293125 0.6800660374999999 0.8057834406250001
1 0.8589 0.2905445875 0.8539792437499999 0.2434554125 0.798194340625 0.26284395 0.80967924375 0.30566242187500003 0.8589 0.2905445875
1 0.9909754718749999 0.3016273875 0.98441320625 0.26838535 0.9351924531250001 0.28777706875 0.9433962250000001 0.32228025625 0.9909754718749999 0.3016273875
1 0 0.11049044687500001 0.029532075 0.09796496875 0.027071696875000002 0.0606273875 0 0.066168790625 0 0.11049044687500001
1 0.760458490625 0.1811273875 0.748975471875 0.15619426875 0.7169811312500001 0.1811273875 0.734207546875 0.197659234375 0.760458490625 0.1811273875
1 0.868745284375 0.19082165625 0.8465962250000001 0.16035031875 0.8178830187499999 0.1769713375 0.8474150937499999 0.205968153125 0.868745284375 0.19082165625
1 0.89581698125 0.18528025625 0.8736660374999999 0.15896496875 0.85151698125 0.16727706874999998 0.87694905625 0.19627388437499999 0.89581698125 0.18528025625
1 0.922067925 0.1728152875 0.897456603125 0.15065604999999999 0.875307546875 0.16035031875 0.9032 0.18796815312499998 0.922067925 0.1728152875
1 0.707137734375 0.12710828125 0.69565283125 0.10494904375 0.660377359375 0.13403503125 0.681705659375 0.14781210312499998 0.707137734375 0.12710828125
1 0.60951509375 0.06755095625 0.59474905625 0.04677706875 0.56111509375 0.07170700625000001 0.585726415625 0.09657961875 0.60951509375 0.06755095625
1 0.8506981124999999 0.1201847125 0.8310094343750001 0.09802229375 0.8039377343749999 0.1118726125 0.8318301874999999 0.13396496875 0.8506981124999999 0.1201847125
1 0.9516 0.09940764375 0.92288679375 0.080019109375 0.9089415093750001 0.095254778125 0.939294340625 0.11873566875 0.9516 0.09940764375
0 0.351107546875 0.04539171875 0.328958490625 0 0.269892453125 0.0052261156250000005 0.32403585 0.066168790625 0.351107546875 0.04539171875