1 0.221875 0.4515625 0.0203125 0.028125
1 0.2296875 0.471875 0.021875 0.028125
1 0.1390625 0.3171875 0.0140625 0.01875
1 0.540625 0.4890625 0.0296875 0.0453125
1 0.5796875 0.6140625 0.034375 0.0390625
1 0.534375 0.6421875 0.0421875 0.053125
1 0.6578125 0.7234375 0.04375 0.05
1 0.7328125 0.7125 0.040625 0.04375
1 0.8421875 0.8390625 0.046875 0.05625
1 0.9328125 0.83125 0.046875 0.05
1 0.6375 0.90625 0.034375 0.071875
1 0.1921875 0.7078125 0.0390625 0.0390625
1 0.1015625 0.9625 0.046875 0.053125
1 0.1265625 0.98125 0.046875 0.0375
1 0.375 0.5390625 0.034375 0.040625
1 0.8546875 0.5078125 0.021875 0.040625
1 0.890625 0.4375 0.01875 0.03125
1 0.859375 0.415625 0.03125 0.0390625
1 0.8890625 0.3671875 0.025 0.0234375
1 0.8984375 0.3515625 0.0265625 0.028125
1 0.9515625 0.4859375 0.0265625 0.0296875
1 0.965625 0.453125 0.025 0.03125
1 0.978125 0.39375 0.0203125 0.025
1 0.9828125 0.36875 0.0203125 0.028125
1 0.6484375 0.4 0.025 0.03125
1 0.6046875 0.384375 0.0265625 0.0359375
1 0.51875 0.346875 0.025 0.0359375
1 0.6109375 0.271875 0.025 0.025
1 0.6328125 0.2578125 0.021875 0.0171875
1 0.65625 0.328125 0.0296875 0.028125
1 0.6546875 0.2953125 0.0265625 0.0265625
1 0.6953125 0.2875 0.0203125 0.0234375
1 0.7296875 0.3265625 0.0234375 0.021875
1 0.7046875 0.3578125 0.025 0.0265625
1 0.6890625 0.378125 0.0296875 0.025
1 0.73125 0.375 0.028125 0.028125
1 0.746875 0.3546875 0.021875 0.0328125
1 0.7390625 0.3109375 0.0234375 0.0203125
1 0.7828125 0.3140625 0.0234375 0.0203125
1 0.7625 0.2890625 0.021875 0.0234375
1 0.7765625 0.2734375 0.028125 0.0234375
0 0.340625 0.54375 0.053125 0.0796875
0 0.696875 0.64375 0.059375 0.0734375