1 0.8265625 0.625 0.0453125 0.0484375
1 0.9046875 0.6828125 0.059375 0.059375
1 0.90625 0.646875 0.0515625 0.0375
1 0.90625 0.6203125 0.046875 0.0390625
1 0.8109375 0.59375 0.0421875 0.0421875
1 0.8328125 0.5765625 0.0578125 0.059375
1 0.93125 0.5125 0.0234375 0.0484375
1 0.5890625 0.2875 0.025 0.03125
1 0.490625 0.21875 0.0265625 0.0203125
1 0.5609375 0.203125 0.025 0.0234375
0 0.146875 0.3078125 0.0421875 0.05
0 0.7734375 0.228125 0.0375 0.034375
1 0.1328125 0.325 0.0171875 0.0265625
1 0.115625 0.3109375 0.0234375 0.0265625
1 0.096875 0.29375 0.021875 0.0265625
1 0.084375 0.278125 0.0203125 0.0234375
1 0.1015625 0.2640625 0.0171875 0.0296875
1 0.1140625 0.2796875 0.015625 0.025