1 0.634375 0.771875 0.0875 0.115625
1 0.61875 0.628125 0.06875 0.09375
1 0.71875 0.653125 0.046875 0.084375
1 0.821875 0.69375 0.059375 0.078125
1 0.9125 0.7484375 0.078125 0.11875
1 0.9796875 0.8140625 0.040625 0.103125
0 0.9515625 0.7125 0.096875 0.19375
1 0.8640625 0.6578125 0.0625 0.09375
1 0.7671875 0.61875 0.05625 0.096875
1 0.7140625 0.5609375 0.065625 0.09375
1 0.6703125 0.5890625 0.0625 0.078125
1 0.615625 0.546875 0.05 0.071875
1 0.571875 0.559375 0.05 0.06875
1 0.6515625 0.5171875 0.05 0.071875
1 0.4921875 0.5046875 0.046875 0.090625
1 0.5265625 0.48125 0.046875 0.084375
1 0.5671875 0.475 0.05 0.078125
1 0.4390625 0.459375 0.04375 0.06875
1 0.4265625 0.3734375 0.04375 0.059375
1 0.375 0.4125 0.04375 0.071875
1 0.48125 0.44375 0.040625 0.0625
1 0.4421875 0.40625 0.04375 0.053125
1 0.39375 0.3875 0.0375 0.08125
1 0.3359375 0.35 0.046875 0.08125
1 0.3765625 0.353125 0.034375 0.059375
1 0.28125 0.3578125 0.0375 0.05
1 0.290625 0.3203125 0.025 0.059375
0 0.34375 0.2796875 0.096875 0.1125
0 0.25625 0.2234375 0.078125 0.115625
1 0.2484375 0.3296875 0.028125 0.0625
0 0.225 0.25625 0.046875 0.08125
1 0.21875 0.3046875 0.0375 0.06875
1 0.259375 0.303125 0.03125 0.059375
1 0.2703125 0.2765625 0.021875 0.05625
1 0.1828125 0.2890625 0.03125 0.053125
1 0.1921875 0.23125 0.034375 0.053125
1 0.1515625 0.253125 0.034375 0.059375
1 0.1671875 0.2125 0.028125 0.040625
1 0.134375 0.1859375 0.028125 0.05