1 0.4984375 0.48125 0.0484375 0.065625
1 0.6640625 0.59375 0.0578125 0.0875
1 0.79375 0.74375 0.071875 0.096875
1 0.88125 0.5359375 0.0515625 0.0796875
1 0.709375 0.4328125 0.0484375 0.0578125
1 0.6703125 0.4359375 0.053125 0.053125
1 0.559375 0.36875 0.046875 0.0625
1 0.5578125 0.334375 0.0453125 0.0546875
1 0.4734375 0.2875 0.040625 0.046875
1 0.4703125 0.31875 0.05 0.0515625
1 0.371875 0.3078125 0.0421875 0.0328125
1 0.3375 0.3609375 0.0484375 0.0546875
1 0.3625 0.425 0.046875 0.0734375
1 0.2359375 0.328125 0.0375 0.0421875
1 0.2890625 0.2578125 0.046875 0.04375
1 0.3484375 0.2484375 0.0359375 0.040625
0 0.3140625 0.203125 0.0453125 0.0484375
0 0.70625 0.2390625 0.0859375 0.0734375
1 0.65625 0.178125 0.0265625 0.053125
1 0.68125 0.171875 0.025 0.03125
1 0.70625 0.1609375 0.0265625 0.0328125
1 0.6796875 0.190625 0.028125 0.0328125
1 0.16875 0.2390625 0.03125 0.04375
1 0.140625 0.25 0.028125 0.0375
1 0.1078125 0.1859375 0.028125 0.0421875
1 0.0546875 0.15625 0.0203125 0.0234375
1 0.04375 0.140625 0.0203125 0.025