1 0.893169878125 0.703703703125 0.92469351875 0.740740740625 0.94395796875 0.725308640625 0.957968475 0.685185184375 0.9544658500000001 0.641975309375 0.919439578125 0.604938271875 0.85464098125 0.608024690625 0.8406304718750001 0.6265432093750001 0.8406304718750001 0.675925925 0.893169878125 0.703703703125
1 0.6672504375 0.558641975 0.728546409375 0.59259259375 0.7355516625 0.61419753125 0.76882661875 0.601851853125 0.7863397562500001 0.574074075 0.782837128125 0.5339506187499999 0.770577934375 0.512345678125 0.737302978125 0.487654321875 0.67775831875 0.490740740625 0.661996496875 0.509259259375 0.660245184375 0.54012345625 0.6672504375 0.558641975
1 0.5569176875 0.4197530875 0.56567425625 0.47222222187499996 0.5936952718749999 0.46604938125000006 0.5954465843750001 0.3888888875 0.5761821375 0.370370371875 0.5341506125000001 0.379629628125 0.5271453593750001 0.38580246875 0.5569176875 0.4197530875
1 0.495621715625 0.46604938125000006 0.509632225 0.49691358125 0.562171628125 0.46913580312500003 0.5604203156249999 0.432098765625 0.52014010625 0.38580246875 0.46760070000000004 0.3888888875 0.45183887812499995 0.40740740625000005 0.45709281874999996 0.450617284375 0.495621715625 0.46604938125000006
1 0.369527146875 0.20370370312500002 0.402802103125 0.19135802500000001 0.408056040625 0.16666666562500002 0.362521890625 0.1543209875 0.341506128125 0.17592592499999998 0.350262696875 0.20370370312500002 0.369527146875 0.20370370312500002
1 0.427320490625 0.141975309375 0.45884413437499993 0.13271605 0.462346759375 0.11111111250000001 0.45359019375000004 0.09259259375 0.43607705625 0.089506171875 0.406304728125 0.11728395 0.408056040625 0.1388888875 0.427320490625 0.141975309375
1 0.402802103125 0.129629628125 0.40980735625 0.11111111250000001 0.44658493750000006 0.086419753125 0.44658493750000006 0.064814815625 0.43257443125000006 0.058641975 0.394045534375 0.07716049375 0.371278459375 0.11111111250000001 0.369527146875 0.13271605 0.402802103125 0.129629628125
1 0.302977234375 0.19444444375 0.338003503125 0.17592592499999998 0.34325744375 0.15123456875000002 0.338003503125 0.13580246875 0.32399299375 0.13580246875 0.281961471875 0.16666666562500002 0.28021015625 0.18827160625 0.302977234375 0.19444444375
1 0.18739054375 0.2716049375 0.238178634375 0.256172840625 0.24693520000000002 0.23765432187500002 0.23992994687500002 0.21604938125 0.20840630624999998 0.20370370312500002 0.178633975 0.206790125 0.16812609375 0.222222221875 0.16637478125 0.25 0.18739054375 0.2716049375
1 0.17513135 0.20061728437499998 0.22591944062499997 0.19444444375 0.23117338125 0.185185184375 0.22066550000000001 0.15123456875000002 0.18914185625 0.163580246875 0.173380034375 0.185185184375 0.17513135 0.20061728437499998
1 0.12259194375 0.145061728125 0.129597196875 0.12345679062499999 0.14535901874999999 0.12037037187499999 0.1348511375 0.101851853125 0.105078809375 0.11728395 0.10332749687500001 0.1388888875 0.12259194375 0.145061728125
1 0.04553415 0.299382715625 0.09281961562499999 0.27777777812500004 0.09982486874999999 0.262345678125 0.09807355625 0.25 0.068301225 0.23148148124999998 0.031523643750000004 0.24382715937500002 0.028021015625 0.27777777812500004 0.04553415 0.299382715625
1 0.040280209375 0.1388888875 0.0665499125 0.141975309375 0.0665499125 0.12037037187499999 0.057793343750000004 0.104938271875 0.038528896875 0.108024690625 0.03502626875 0.12654320937500002 0.040280209375 0.1388888875
1 0.017513134375 0.160493828125 0.038528896875 0.1543209875 0.028021015625 0.12345679062499999 0.015761821875000002 0.12037037187499999 0.00875656875 0.13271605 0.007005253124999999 0.148148146875 0.017513134375 0.160493828125
1 0.028021015625 0.11111111250000001 0.03502626875 0.11111111250000001 0.03502626875 0.09876543125000001 0.028021015625 0.09876543125000001 0.028021015625 0.11111111250000001
1 0.029772328125000004 0.12345679062499999 0.04553415 0.101851853125 0.03502626875 0.083333334375 0.019264446875 0.09259259375 0.017513134375 0.108024690625 0.029772328125000004 0.12345679062499999
1 0 0.141975309375 0.015761821875000002 0.12345679062499999 0.005253940625 0.104938271875 0 0.104938271875 0 0.141975309375
1 0.537653240625 0.09259259375 0.5674255687499999 0.089506171875 0.5744308218749999 0.07407407499999999 0.572679509375 0.055555556250000006 0.5323993 0.067901234375 0.528896671875 0.086419753125 0.537653240625 0.09259259375