1 0.8984375 0.746875 0.0546875 0.0546875
1 0.8265625 0.69375 0.05 0.05
1 0.834375 0.659375 0.04375 0.05
1 0.65625 0.4546875 0.0359375 0.0421875
1 0.721875 0.378125 0.028125 0.0421875
1 0.75 0.309375 0.0296875 0.034375
1 0.7890625 0.2953125 0.0234375 0.0296875
1 0.8921875 0.18125 0.0125 0.025
1 0.93125 0.1796875 0.0171875 0.0234375
1 0.9453125 0.1546875 0.0140625 0.0234375
1 0.9703125 0.1421875 0.009375 0.015625
1 0.53125 0.371875 0.0375 0.0375
1 0.5046875 0.4296875 0.03125 0.046875
1 0.5015625 0.4734375 0.028125 0.053125
1 0.43125 0.5734375 0.0421875 0.0484375
1 0.128125 0.84375 0.0578125 0.0671875
1 0.28125 0.34375 0.0265625 0.0359375
1 0.2265625 0.3234375 0.025 0.0359375
1 0.2171875 0.275 0.0203125 0.0265625
1 0.21875 0.2390625 0.0171875 0.034375
1 0.203125 0.2265625 0.01875 0.0265625
1 0.3234375 0.215625 0.0296875 0.0296875
1 0.1640625 0.2296875 0.0171875 0.025
1 0.115625 0.2109375 0.0203125 0.0296875
1 0.06875 0.1953125 0.0125 0.0234375
1 0.075 0.1796875 0.015625 0.0171875
1 0.0578125 0.159375 0.0109375 0.021875
1 0.0640625 0.15 0.0109375 0.0140625
1 0.046875 0.153125 0.009375 0.015625
1 0.05 0.1390625 0.0109375 0.015625
1 0.2234375 0.159375 0.0203125 0.021875
1 0.19375 0.1828125 0.009375 0.0171875
1 0.1421875 0.1609375 0.0234375 0.025
1 0.128125 0.1625 0.021875 0.0265625
1 0.1625 0.128125 0.01875 0.0203125
1 0.1375 0.1203125 0.01875 0.021875
0 0.8546875 0.175 0.0328125 0.0484375
0 0.40625 0.640625 0.0734375 0.0828125
0 0.165625 0.3328125 0.0328125 0.0640625
0 0.2046875 0.334375 0.028125 0.0578125