0 0.56875 0.803125 0.2125 0.15625
0 0.6515625 0.4109375 0.053125 0.14375
1 0.0421875 0.25625 0.03125 0.059375
1 0.078125 0.246875 0.0265625 0.0578125
1 0.1015625 0.24375 0.028125 0.0515625
1 0.1265625 0.240625 0.0375 0.053125
1 0.1546875 0.2390625 0.028125 0.0609375
1 0.178125 0.2375 0.028125 0.05625
1 0.20625 0.23125 0.0234375 0.04375
1 0.2359375 0.2265625 0.03125 0.0515625
1 0.2640625 0.228125 0.0234375 0.053125
1 0.2984375 0.225 0.025 0.0515625
1 0.334375 0.228125 0.028125 0.0609375
1 0.05 0.1921875 0.0328125 0.0328125
1 0.0890625 0.178125 0.0296875 0.0265625
1 0.178125 0.165625 0.0359375 0.0328125
1 0.2375 0.15625 0.0421875 0.0421875
1 0.390625 0.153125 0.0453125 0.0453125
1 0.421875 0.2234375 0.0296875 0.0515625
1 0.45 0.2265625 0.025 0.0578125
1 0.4640625 0.1578125 0.04375 0.05
1 0.5234375 0.1515625 0.0515625 0.053125
1 0.4859375 0.228125 0.025 0.0578125
1 0.5140625 0.234375 0.034375 0.0515625
1 0.5484375 0.23125 0.034375 0.0546875
1 0.58125 0.240625 0.03125 0.0515625
1 0.6109375 0.2375 0.03125 0.0546875
1 0.640625 0.240625 0.0296875 0.05
1 0.6734375 0.2515625 0.028125 0.0484375
1 0.696875 0.2484375 0.03125 0.0578125
1 0.625 0.165625 0.05625 0.0484375
1 0.7578125 0.1921875 0.040625 0.040625
1 0.8046875 0.1921875 0.0359375 0.0390625
1 0.8015625 0.2640625 0.034375 0.059375
0 0.8671875 0.2015625 0.0421875 0.0875
1 0.8390625 0.1609375 0.0296875 0.046875
1 0.81875 0.1265625 0.0296875 0.0421875