1 0.478125 0.6921875 0.140625 0.175
1 0.3609375 0.8671875 0.165625 0.190625
1 0.6515625 0.475 0.1 0.146875
1 0.7453125 0.378125 0.075 0.0875
1 0.78125 0.3203125 0.059375 0.08125
1 0.84375 0.271875 0.059375 0.075
1 0.8640625 0.2203125 0.04375 0.065625
1 0.39375 0.446875 0.1 0.1125
1 0.271875 0.34375 0.075 0.1
1 0.3359375 0.3359375 0.06875 0.084375
1 0.2703125 0.284375 0.065625 0.08125
1 0.1984375 0.2890625 0.059375 0.071875
1 0.196875 0.353125 0.05625 0.078125
1 0.2609375 0.415625 0.084375 0.10625
1 0.15 0.3078125 0.046875 0.0625
1 0.1390625 0.2453125 0.04375 0.05625
1 0.1875 0.228125 0.05 0.059375
1 0.109375 0.2140625 0.0375 0.046875