0 0.7546875 0.715625 0.265625 0.409375
0 0.2984375 0.1890625 0.171875 0.178125
0 0.05 0.103125 0.05625 0.084375
1 0.2828125 0.2546875 0.096875 0.103125
1 0.328125 0.38125 0.1 0.134375
1 0.5328125 0.4140625 0.10625 0.1125
1 0.7515625 0.5765625 0.13125 0.14375
1 0.94375 0.74375 0.09375 0.15
1 0.1265625 0.2078125 0.059375 0.065625
1 0.08125 0.1046875 0.034375 0.05
1 0.1515625 0.1296875 0.046875 0.05
1 0.4671875 0.10625 0.065625 0.0375
1 0.4859375 0.0796875 0.05625 0.03125
1 0.5671875 0.1546875 0.059375 0.05