1 0.21875 0.503125 0.0625 0.065625
1 0.8078125 0.76875 0.06875 0.075
1 0.81875 0.728125 0.059375 0.0625
1 0.95625 0.5875 0.040625 0.059375
1 0.4953125 0.3921875 0.04375 0.05
1 0.196875 0.271875 0.028125 0.040625
1 0.215625 0.2703125 0.034375 0.046875
1 0.6953125 0.34375 0.03125 0.040625
1 0.7765625 0.3859375 0.03125 0.046875
1 0.825 0.2703125 0.025 0.03125
1 0.8484375 0.2609375 0.025 0.028125
1 0.8671875 0.253125 0.025 0.03125
1 0.8875 0.2515625 0.028125 0.028125
1 0.9890625 0.240625 0.015625 0.021875
1 0.3734375 0.190625 0.034375 0.034375
1 0.24375 0.084375 0.025 0.028125
1 0.2171875 0.0671875 0.021875 0.028125
0 0.6921875 0.2921875 0.103125 0.103125
0 0.759375 0.2921875 0.0375 0.0375
0 0.7859375 0.275 0.04375 0.05625
0 0.84375 0.3234375 0.05625 0.075