1 0.63125 0.6125 0.06875 0.0796875
1 0.865625 0.56875 0.059375 0.0578125
1 0.875 0.5328125 0.05 0.0453125
1 0.915625 0.4125 0.025 0.0390625
1 0.509375 0.3375 0.0390625 0.0390625
1 0.321875 0.3484375 0.03125 0.04375
1 0.2125 0.4796875 0.0546875 0.053125
1 0.2078125 0.5640625 0.05625 0.0421875
1 0.01875 0.659375 0.0375 0.071875
1 0.19375 0.1578125 0.021875 0.025
1 0.175 0.128125 0.021875 0.0265625
1 0.1265625 0.090625 0.0203125 0.025
1 0.5171875 0.1015625 0.0328125 0.0375
1 0.6609375 0.196875 0.0265625 0.0296875
1 0.690625 0.184375 0.021875 0.0265625
1 0.8234375 0.134375 0.01875 0.021875
1 0.90625 0.0875 0.015625 0.0171875
1 0.6046875 0.2734375 0.028125 0.0375
1 0.7015625 0.234375 0.025 0.028125
0 0.6453125 0.2765625 0.0796875 0.0921875
0 0.7484375 0.228125 0.0703125 0.0734375
0 0.834375 0.18125 0.040625 0.0625
0 0.7234375 0.1484375 0.05625 0.0515625
0 0.6609375 0.165625 0.0578125 0.0578125
0 0.1265625 0.196875 0.0375 0.0671875