1 0.7328125 0.715625 0.0828125 0.096875
1 0.821875 0.75625 0.0734375 0.1125
1 0.91875 0.8296875 0.06875 0.1203125
1 0.490625 0.7796875 0.0421875 0.1265625
1 0.359375 0.51875 0.0546875 0.103125
1 0.5390625 0.5015625 0.0546875 0.0890625
0 0.1515625 0.29375 0.0421875 0.0859375
0 0.875 0.665625 0.1015625 0.1390625
0 0.4421875 0.3421875 0.1 0.1453125
1 0.4359375 0.4078125 0.0484375 0.08125
1 0.3640625 0.3609375 0.05 0.078125
1 0.2578125 0.2953125 0.0375 0.0625
1 0.2828125 0.28125 0.0359375 0.0640625
1 0.2046875 0.2546875 0.0328125 0.0609375
1 0.1734375 0.2234375 0.0359375 0.059375
1 0.140625 0.1796875 0.0265625 0.0546875
0 0.0671875 0.1734375 0.0796875 0.1015625