1 0.7640625 0.6765625 0.096875 0.109375
1 0.8578125 0.703125 0.090625 0.121875
1 0.9609375 0.7578125 0.078125 0.128125
1 0.534375 0.778125 0.0625 0.13125
1 0.3640625 0.540625 0.06875 0.109375
1 0.5390625 0.4953125 0.06875 0.096875
0 0.1234375 0.3515625 0.05625 0.090625
0 0.896875 0.6046875 0.121875 0.153125
0 0.41875 0.353125 0.121875 0.159375
1 0.421875 0.41875 0.059375 0.0875
1 0.34375 0.384375 0.0625 0.084375
1 0.228125 0.3359375 0.046875 0.06875
1 0.2515625 0.3171875 0.046875 0.06875
1 0.1703125 0.303125 0.040625 0.065625
1 0.134375 0.278125 0.04375 0.065625
1 0.0953125 0.240625 0.034375 0.059375
0 0.034375 0.24375 0.06875 0.1125