1 0.3921875 0.7453125 0.1453125 0.15
1 0.15 0.234375 0.0671875 0.084375
1 0.2015625 0.2734375 0.08125 0.1359375
1 0.25625 0.3640625 0.0703125 0.09375
1 0.190625 0.165625 0.0359375 0.0484375
1 0.2234375 0.1890625 0.0421875 0.0609375
1 0.2984375 0.259375 0.0515625 0.06875
1 0.3515625 0.3171875 0.0609375 0.0921875
1 0.940625 0.225 0.0671875 0.0890625
1 0.84375 0.3046875 0.05625 0.06875
1 0.8859375 0.334375 0.0609375 0.0703125
1 0.7953125 0.3453125 0.0484375 0.0640625
1 0.83125 0.3765625 0.046875 0.090625