1 0.2234375 0.5515625 0.0546875 0.0578125
1 0.85 0.7109375 0.059375 0.0671875
1 0.853125 0.66875 0.0515625 0.0546875
1 0.9640625 0.50625 0.03125 0.05625
1 0.4765625 0.3953125 0.0375 0.0453125
1 0.1625 0.328125 0.0203125 0.0390625
1 0.1796875 0.3234375 0.028125 0.0421875
1 0.665625 0.3125 0.0265625 0.0359375
1 0.753125 0.3390625 0.025 0.04375
1 0.7796875 0.2171875 0.021875 0.028125
1 0.8015625 0.2046875 0.021875 0.025
1 0.81875 0.19375 0.0203125 0.028125
1 0.8390625 0.1875 0.0234375 0.0234375
1 0.9359375 0.159375 0.0140625 0.01875
1 0.321875 0.2171875 0.0296875 0.0296875
1 0.175 0.1359375 0.021875 0.025
1 0.146875 0.1234375 0.0171875 0.025
0 0.653125 0.2625 0.0890625 0.0875
0 0.71875 0.25 0.03125 0.03125
0 0.7421875 0.228125 0.034375 0.0515625
0 0.8078125 0.2671875 0.04375 0.0671875