1 0.7109375 0.584375 0.046875 0.0546875
1 0.740625 0.571875 0.0515625 0.0515625
1 0.7671875 0.5640625 0.0359375 0.046875
1 0.7796875 0.5515625 0.0421875 0.046875
1 0.79375 0.540625 0.046875 0.04375
1 0.8125 0.540625 0.034375 0.046875
1 0.7828125 0.6046875 0.0375 0.0546875
1 0.825 0.5921875 0.0359375 0.0359375
1 0.8609375 0.575 0.0375 0.0359375
1 0.890625 0.55625 0.0296875 0.0453125
1 0.921875 0.5421875 0.0328125 0.040625
1 0.946875 0.53125 0.0328125 0.04375
1 0.9703125 0.5203125 0.028125 0.0359375
1 0.9421875 0.475 0.03125 0.0359375
1 0.9203125 0.4359375 0.0296875 0.0328125
1 0.95 0.4296875 0.0328125 0.034375
1 0.9828125 0.415625 0.034375 0.03125
1 0.990625 0.49375 0.01875 0.0453125
1 0.609375 0.965625 0.065625 0.0640625
1 0.6734375 0.8640625 0.034375 0.075
1 0.6015625 0.76875 0.05 0.0609375
1 0.6203125 0.740625 0.0578125 0.053125
1 0.684375 0.78125 0.0578125 0.05625
1 0.740625 0.771875 0.0640625 0.0578125
1 0.7625 0.8234375 0.065625 0.05625
1 0.840625 0.8609375 0.0734375 0.059375
1 0.9421875 0.9171875 0.06875 0.0671875
1 0.5921875 0.696875 0.053125 0.0453125
1 0.51875 0.6890625 0.0515625 0.0515625
1 0.51875 0.6640625 0.046875 0.0375
1 0.4625 0.6640625 0.046875 0.0359375
1 0.396875 0.6234375 0.046875 0.046875
1 0.3515625 0.6296875 0.0484375 0.0421875
1 0.3625 0.590625 0.034375 0.0375
1 0.321875 0.578125 0.0328125 0.0375
1 0.275 0.58125 0.040625 0.0421875
1 0.2171875 0.5671875 0.0390625 0.0359375
1 0.2359375 0.5515625 0.0328125 0.0328125
1 0.2453125 0.540625 0.0421875 0.03125
1 0.1953125 0.5359375 0.03125 0.025
1 0.15 0.525 0.03125 0.034375
0 0.459375 0.5953125 0.103125 0.1046875
0 0.3328125 0.5359375 0.128125 0.096875
0 0.2 0.496875 0.090625 0.0671875
0 0.1234375 0.4640625 0.0765625 0.078125
0 0.021875 0.4265625 0.0421875 0.0734375
0 0.94375 0.8640625 0.1125 0.134375