0 0.3328125 0.196875 0.0765625 0.0671875
0 0.6390625 0.1921875 0.0796875 0.0671875
0 0.0953125 0.196875 0.0265625 0.0515625
1 0.225 0.4046875 0.0453125 0.0484375
1 0.615625 0.559375 0.059375 0.0671875
1 0.7796875 0.703125 0.078125 0.0953125
1 0.85625 0.56875 0.053125 0.0640625
1 0.8671875 0.528125 0.0515625 0.0671875
1 0.8640625 0.4921875 0.04375 0.05
1 0.953125 0.55 0.0578125 0.05625
1 0.9390625 0.578125 0.0609375 0.0484375
1 0.93125 0.6078125 0.0484375 0.0484375
1 0.625 0.2671875 0.04375 0.0375
1 0.5703125 0.2453125 0.025 0.03125
1 0.725 0.171875 0.021875 0.0328125
1 0.134375 0.2125 0.0203125 0.0375
1 0.1125 0.2265625 0.0203125 0.0328125
1 0.1140625 0.190625 0.0140625 0.0328125
1 0.075 0.18125 0.0171875 0.025
1 0.0890625 0.159375 0.0203125 0.0328125
1 0.059375 0.16875 0.015625 0.028125
1 0.0703125 0.1484375 0.009375 0.0296875
1 0.04375 0.153125 0.0125 0.025
1 0.5171875 0.0984375 0.025 0.0359375
1 0.5625 0.0609375 0.03125 0.021875
1 0.5796875 0.0859375 0.0375 0.0234375