1 0.7921875 0.8078125 0.075 0.0875
1 0.5296875 0.628125 0.0515625 0.0765625
1 0.6015625 0.6359375 0.0546875 0.0609375
1 0.3953125 0.5328125 0.040625 0.0515625
1 0.525 0.4421875 0.0421875 0.04375
1 0.459375 0.4609375 0.0453125 0.0453125
1 0.3484375 0.4125 0.0359375 0.028125
1 0.4296875 0.3796875 0.1015625 0.0875
1 0.35 0.34375 0.0359375 0.040625
1 0.3109375 0.315625 0.0265625 0.034375
1 0.309375 0.4609375 0.0359375 0.053125
1 0.2484375 0.3609375 0.0390625 0.0328125
1 0.190625 0.371875 0.025 0.046875
1 0.159375 0.3421875 0.025 0.034375
1 0.1828125 0.421875 0.0234375 0.034375
1 0.6109375 0.2875 0.03125 0.0328125
1 0.1328125 0.321875 0.0265625 0.0453125
1 0.0984375 0.2921875 0.021875 0.0234375
1 0.0703125 0.2609375 0.01875 0.0296875
1 0.190625 0.240625 0.01875 0.0171875