1 0.4546875 0.6875 0.121875 0.1625
1 0.3171875 0.846875 0.1453125 0.175
1 0.653125 0.49375 0.084375 0.1390625
1 0.7578125 0.409375 0.0640625 0.08125
1 0.8015625 0.35625 0.0515625 0.075
1 0.86875 0.315625 0.0515625 0.0703125
1 0.8953125 0.2671875 0.0375 0.0609375
1 0.4015625 0.434375 0.0875 0.103125
1 0.2921875 0.3171875 0.065625 0.09375
1 0.3578125 0.3171875 0.0609375 0.078125
1 0.2984375 0.2578125 0.05625 0.0734375
1 0.2265625 0.253125 0.0515625 0.0671875
1 0.2171875 0.3171875 0.046875 0.071875
1 0.2734375 0.3875 0.071875 0.0984375
1 0.1765625 0.2671875 0.040625 0.0578125
1 0.1734375 0.203125 0.0390625 0.053125
1 0.2234375 0.1921875 0.04375 0.053125
1 0.146875 0.16875 0.0328125 0.0421875