0 0.8109375 0.196875 0.040625 0.05
0 0.6 0.2671875 0.046875 0.05625
0 0.4734375 0.3390625 0.05625 0.05625
1 0.4953125 0.459375 0.034375 0.0625
1 0.59375 0.4375 0.05625 0.05
1 0.8640625 0.6625 0.059375 0.06875
1 0.8921875 0.6328125 0.059375 0.071875
1 0.146875 0.903125 0.071875 0.06875
1 0.1453125 0.3859375 0.01875 0.0375
1 0.18125 0.3734375 0.028125 0.0375
1 0.1984375 0.3609375 0.028125 0.046875
1 0.1703125 0.3421875 0.028125 0.034375
1 0.1703125 0.3 0.025 0.03125
1 0.121875 0.3359375 0.03125 0.040625
1 0.1453125 0.3578125 0.021875 0.028125
1 0.1203125 0.36875 0.028125 0.03125
1 0.0359375 0.26875 0.01875 0.021875
1 0.7375 0.1921875 0.025 0.03125
1 0.8 0.1484375 0.021875 0.025
1 0.828125 0.153125 0.025 0.025
1 0.8609375 0.1125 0.021875 0.028125
1 0.890625 0.1125 0.01875 0.01875
1 0.903125 0.0953125 0.01875 0.025
1 0.896875 0.13125 0.01875 0.025
1 0.9265625 0.1140625 0.01875 0.028125
1 0.6296875 0.2859375 0.034375 0.0375
1 0.2875 0.2375 0.034375 0.034375
1 0.24375 0.2203125 0.025 0.021875
1 0.1828125 0.203125 0.021875 0.021875
1 0.1484375 0.21875 0.01875 0.028125
1 0.1046875 0.2109375 0.021875 0.021875
1 0.0875 0.196875 0.021875 0.025
1 0.121875 0.175 0.025 0.021875
1 0.10625 0.1734375 0.01875 0.01875
1 0.0921875 0.16875 0.021875 0.021875