1 0.4953125 0.5015625 0.1625 0.2375
1 0.29375 0.3375 0.115625 0.14375
1 0.546875 0.4140625 0.13125 0.153125
1 0.3171875 0.2046875 0.078125 0.1
1 0.2484375 0.2140625 0.078125 0.05625
1 0.2046875 0.1609375 0.065625 0.084375
1 0.1484375 0.2234375 0.06875 0.075
1 0.09375 0.1421875 0.053125 0.0625
1 0.059375 0.1 0.040625 0.084375
1 0.140625 0.109375 0.053125 0.078125
1 0.4703125 0.1578125 0.071875 0.06875
1 0.09375 0.0484375 0.05 0.06875
1 0.4796875 0.0640625 0.071875 0.084375
1 0.5265625 0.0890625 0.071875 0.065625
1 0.575 0.1484375 0.078125 0.06875