1 0.2611045625 0.599217746875 0.261085490625 0.5730131843749999 0.25267026875 0.5565751750000001 0.2384910375 0.558316165625 0.21207934062499997 0.59067789375 0.22068021249999997 0.6216524999999999 0.227334315625 0.62374735625 0.245349859375 0.60115218125 0.2611045625 0.599217746875
1 0.4765625 0.459375 0.034375 0.08125
1 0.503125 0.5390625 0.059375 0.046875
1 0.475 0.6390625 0.065625 0.046875
1 0.2015625 0.8015625 0.075 0.053125
1 0.265625 0.8046875 0.06875 0.065625
1 0.86875 0.65 0.065625 0.0875
1 0.865625 0.596875 0.065625 0.071875
1 0.9671875 0.696875 0.065625 0.0875
1 0.1546875 0.3828125 0.0375 0.053125
1 0.125 0.2578125 0.021875 0.0375
1 0.5421875 0.3734375 0.046875 0.0375
1 0.5953125 0.2921875 0.040625 0.0375
1 0.734375 0.2296875 0.04375 0.040625
1 0.7578125 0.1765625 0.04375 0.05
1 0.8515625 0.1296875 0.021875 0.0375
0 0.075 0.228125 0.034375 0.05
0 0.190625 0.2875 0.040625 0.0625
0 0.603125 0.475 0.075 0.071875
0 0.7140625 0.31875 0.065625 0.125