1 0.4421875 0.9125 0.128125 0.175
1 0.803125 0.4234375 0.0625 0.0953125
1 0.8125 0.3390625 0.0515625 0.0671875
1 0.8703125 0.3515625 0.0453125 0.065625
1 0.884375 0.2765625 0.0328125 0.0609375
1 0.9265625 0.3078125 0.0328125 0.0703125
1 0.928125 0.2359375 0.0296875 0.0484375
1 0.95625 0.265625 0.0359375 0.06875
1 0.9515625 0.209375 0.025 0.0421875
1 0.2734375 0.3671875 0.0671875 0.084375
1 0.2984375 0.2640625 0.05625 0.08125
1 0.253125 0.225 0.0390625 0.0640625
1 0.2234375 0.1875 0.0390625 0.053125
1 0.19375 0.16875 0.0296875 0.0515625
0 0.665625 0.440625 0.128125 0.1734375