1 0.8453125 0.56875 0.0609375 0.0546875
1 0.9125 0.5890625 0.0515625 0.0625
1 0.940625 0.571875 0.04375 0.059375
1 0.5109375 0.5640625 0.0515625 0.040625
1 0.43125 0.5890625 0.0484375 0.0515625
1 0.625 0.8234375 0.05 0.06875
1 0.6015625 0.88125 0.0484375 0.0859375
1 0.546875 0.9484375 0.0578125 0.0890625
1 0.509375 0.915625 0.046875 0.0765625
1 0.546875 0.846875 0.0453125 0.0609375
1 0.575 0.809375 0.0421875 0.0625
1 0.478125 0.8640625 0.05625 0.071875
1 0.4359375 0.9140625 0.0453125 0.0640625
1 0.4578125 0.975 0.0765625 0.05
1 0.371875 0.9625 0.075 0.075
1 0.259375 0.9578125 0.0625 0.0828125
1 0.309375 0.853125 0.0640625 0.0890625
1 0.0171875 0.55 0.025 0.0375
1 0.0375 0.5578125 0.0265625 0.040625
1 0.06875 0.5625 0.0296875 0.053125
1 0.165625 0.5703125 0.0328125 0.0359375
1 0.1359375 0.5640625 0.0359375 0.0359375
1 0.16875 0.53125 0.0453125 0.0296875
1 0.0359375 0.515625 0.046875 0.0359375
1 0.6625 0.41875 0.0203125 0.034375
1 0.6828125 0.396875 0.0171875 0.034375
1 0.7203125 0.4203125 0.0203125 0.0328125
1 0.696875 0.415625 0.025 0.03125
1 0.7171875 0.3921875 0.0171875 0.034375
0 0.29375 0.7640625 0.1375 0.1703125
0 0.1203125 0.928125 0.103125 0.14375
0 0.678125 0.63125 0.053125 0.0890625
0 0.634375 0.5515625 0.1453125 0.09375
0 0.45625 0.528125 0.203125 0.084375
0 0.1328125 0.4859375 0.103125 0.0796875
0 0.7625 0.3640625 0.040625 0.0828125
0 0.6984375 0.371875 0.040625 0.065625