1 0.61875 0.740625 0.140625 0.23125
1 0.4609375 0.5265625 0.090625 0.121875
1 0.3625 0.334375 0.0578125 0.0828125
1 0.3015625 0.2765625 0.0625 0.1109375
1 0.225 0.3296875 0.05625 0.1046875
1 0.2296875 0.2078125 0.0484375 0.0734375
1 0.1546875 0.2421875 0.0578125 0.0765625
1 0.1015625 0.1703125 0.0546875 0.0734375
1 0.8203125 0.3125 0.075 0.121875
1 0.853125 0.3703125 0.05 0.075
1 0.9078125 0.321875 0.0375 0.084375
1 0.88125 0.2828125 0.040625 0.075
1 0.9078125 0.2453125 0.0234375 0.0671875
1 0.9390625 0.2359375 0.0359375 0.071875
1 0.9578125 0.2109375 0.021875 0.059375
1 0.98125 0.1984375 0.0265625 0.0703125
1 0.1890625 0.153125 0.040625 0.084375