1 0.925 0.8234375 0.0625 0.0828125
1 0.8578125 0.6828125 0.0515625 0.0640625
1 0.66875 0.51875 0.0359375 0.05625
1 0.6453125 0.4296875 0.034375 0.0421875
1 0.7078125 0.4109375 0.028125 0.0453125
1 0.7609375 0.3015625 0.0203125 0.0296875
1 0.8171875 0.2234375 0.01875 0.028125
1 0.9 0.175 0.0140625 0.021875
1 0.928125 0.184375 0.015625 0.01875
1 0.91875 0.159375 0.015625 0.0234375
1 0.95 0.146875 0.0140625 0.021875
1 0.4203125 0.4453125 0.040625 0.0484375
1 0.34375 0.453125 0.0359375 0.0515625
1 0.209375 0.546875 0.0359375 0.053125
1 0.23125 0.4046875 0.03125 0.0484375
1 0.2484375 0.378125 0.0265625 0.0421875
1 0.29375 0.415625 0.0328125 0.0484375
1 0.303125 0.3828125 0.0328125 0.0484375
1 0.23125 0.3265625 0.0265625 0.0375
1 0.203125 0.3375 0.0265625 0.0390625
1 0.190625 0.3625 0.028125 0.0359375
1 0.165625 0.303125 0.01875 0.03125
1 0.16875 0.2734375 0.01875 0.040625
1 0.1765625 0.2359375 0.0171875 0.0359375
1 0.125 0.2625 0.0203125 0.028125
1 0.0890625 0.253125 0.0203125 0.0265625
1 0.3234375 0.2125 0.0265625 0.0375
1 0.63125 0.2859375 0.0234375 0.034375
1 0.671875 0.2671875 0.021875 0.0265625
1 0.7 0.2578125 0.025 0.0296875
1 0.73125 0.246875 0.0203125 0.0296875
1 0.7484375 0.2296875 0.021875 0.028125
1 0.771875 0.21875 0.025 0.0296875
1 0.80625 0.2015625 0.0234375 0.0265625
1 0.05 0.184375 0.0109375 0.01875
1 0.140625 0.1640625 0.0171875 0.025
1 0.1765625 0.1421875 0.01875 0.0234375
1 0.1390625 0.121875 0.01875 0.021875
0 0.040625 0.19375 0.01875 0.040625
0 0.6609375 0.296875 0.0359375 0.040625
0 0.85 0.1828125 0.0234375 0.0375