1 0.5203125 0.1578125 0.0578125 0.0390625
1 0.6265625 0.165625 0.0421875 0.04375
1 0.759375 0.190625 0.046875 0.0359375
1 0.80625 0.1984375 0.03125 0.0390625
1 0.39375 0.153125 0.0484375 0.0296875
1 0.2375 0.1546875 0.0515625 0.0375
1 0.1765625 0.165625 0.04375 0.0296875
1 0.090625 0.1734375 0.04375 0.0203125
1 0.0484375 0.1890625 0.0390625 0.04375
1 0.0421875 0.25625 0.028125 0.059375
1 0.0796875 0.240625 0.0125 0.059375
1 0.3375 0.2296875 0.028125 0.0703125
1 0.3 0.228125 0.025 0.071875
1 0.265625 0.2375 0.028125 0.06875
1 0.234375 0.2296875 0.0171875 0.0625
1 0.2078125 0.2328125 0.025 0.053125
1 0.18125 0.2359375 0.0203125 0.05
1 0.159375 0.246875 0.0265625 0.059375
1 0.128125 0.2375 0.0203125 0.059375
1 0.578125 0.2375 0.028125 0.06875
1 0.546875 0.2359375 0.0265625 0.0578125
1 0.5125 0.228125 0.0265625 0.053125
1 0.4859375 0.225 0.021875 0.0515625
1 0.4515625 0.23125 0.0234375 0.0546875
1 0.41875 0.2265625 0.0234375 0.0625
1 0.6125 0.2453125 0.028125 0.0578125
1 0.6421875 0.24375 0.0265625 0.05625
1 0.671875 0.253125 0.0265625 0.05625
1 0.696875 0.2515625 0.0296875 0.0578125
0 0.6515625 0.4046875 0.0484375 0.1375
1 0.8 0.2640625 0.028125 0.0546875
1 0.8171875 0.121875 0.021875 0.0390625
1 0.84375 0.1609375 0.015625 0.0390625
0 0.8671875 0.1984375 0.034375 0.090625