1 0.6609375 0.5171875 0.0734375 0.065625
1 0.5828125 0.45625 0.0734375 0.071875
1 0.6703125 0.8328125 0.0953125 0.1390625
1 0.91875 0.2640625 0.0609375 0.059375
1 0.9796875 0.246875 0.0390625 0.0515625
1 0.2328125 0.3046875 0.0359375 0.0734375
1 0.2609375 0.203125 0.040625 0.05625
1 0.0125 0.0828125 0.025 0.0546875
1 0.7421875 0.18125 0.0390625 0.04375
1 0.8421875 0.184375 0.0359375 0.0484375
1 0.8890625 0.1796875 0.0390625 0.040625
1 0.6875 0.1328125 0.0375 0.05
1 0.828125 0.1171875 0.0390625 0.0453125
1 0.934375 0.10625 0.0375 0.0390625
0 0.3078125 0.034375 0.078125 0.06875