1 0.8234375 0.5203125 0.05 0.05
1 0.8796875 0.5359375 0.05625 0.065625
1 0.8375 0.5765625 0.0625 0.05625
1 0.821875 0.5375 0.046875 0.034375
1 0.9 0.575 0.053125 0.05
1 0.9140625 0.615625 0.06875 0.059375
1 0.965625 0.60625 0.046875 0.05
1 0.9640625 0.571875 0.053125 0.053125
1 0.984375 0.6421875 0.03125 0.071875
1 0.984375 0.8328125 0.03125 0.109375
0 0.0890625 0.2578125 0.03125 0.0375
1 0.1390625 0.3734375 0.025 0.028125
1 0.1015625 0.3734375 0.025 0.025
1 0.1171875 0.3625 0.01875 0.03125
1 0.0875 0.36875 0.015625 0.03125
1 0.0703125 0.3609375 0.01875 0.025
1 0.0578125 0.3453125 0.015625 0.021875
1 0.0453125 0.3421875 0.0125 0.028125
1 0.0328125 0.33125 0.01875 0.025
1 0.08125 0.3421875 0.021875 0.028125
1 0.1 0.35625 0.025 0.034375
1 0.45 0.221875 0.028125 0.025
1 0.4796875 0.209375 0.025 0.028125
1 0.5109375 0.1953125 0.021875 0.028125
1 0.5390625 0.1828125 0.034375 0.03125