0 0.75625 0.1703125 0.03125 0.053125
1 0.8890625 0.6390625 0.0625 0.071875
1 0.8875 0.6828125 0.0625 0.065625
1 0.971875 0.6796875 0.05625 0.059375
1 0.9625 0.7203125 0.065625 0.06875
1 0.6140625 0.3125 0.034375 0.04375
1 0.6 0.28125 0.03125 0.0375
1 0.6296875 0.2578125 0.028125 0.034375
1 0.6609375 0.2375 0.025 0.025
1 0.6625 0.259375 0.03125 0.0375
1 0.6875 0.225 0.021875 0.028125
1 0.7859375 0.178125 0.021875 0.028125
1 0.8140625 0.1390625 0.025 0.03125
1 0.8578125 0.115625 0.015625 0.01875
1 0.8703125 0.1265625 0.015625 0.01875
1 0.2296875 0.6203125 0.05625 0.059375
1 0.2890625 0.5359375 0.053125 0.0625
1 0.15625 0.390625 0.028125 0.04375
1 0.1984375 0.35625 0.03125 0.04375
1 0.2890625 0.2390625 0.034375 0.03125
1 0.0890625 0.2078125 0.021875 0.021875
1 0.1328125 0.1796875 0.021875 0.025
1 0.1203125 0.1765625 0.01875 0.01875
1 0.10625 0.1734375 0.01875 0.01875
1 0.09375 0.165625 0.01875 0.01875
1 0.046875 0.2265625 0.01875 0.028125