1 0.41875 0.446875 0.1171875 0.128125
1 0.871875 0.8171875 0.1625 0.215625
1 0.921875 0.684375 0.128125 0.16875
1 0.58125 0.43125 0.121875 0.1125
1 0.1953125 0.234375 0.059375 0.0765625
1 0.25 0.2078125 0.065625 0.071875
1 0.421875 0.0859375 0.0609375 0.065625
1 0.48125 0.109375 0.0515625 0.0625
0 0.5203125 0.065625 0.0734375 0.075
1 0.1078125 0.228125 0.0546875 0.075
0 0.1453125 0.1734375 0.0703125 0.096875
1 0.0578125 0.171875 0.0453125 0.053125
1 0.0890625 0.1546875 0.046875 0.040625
1 0.0453125 0.1234375 0.025 0.0453125
1 0.0328125 0.109375 0.0203125 0.034375
1 0.0109375 0.0984375 0.021875 0.028125