1 0.6015625 0.48125 0.0390625 0.040625
1 0.7375 0.575 0.0515625 0.05625
1 0.8015625 0.590625 0.046875 0.046875
1 0.80625 0.61875 0.0578125 0.053125
1 0.8265625 0.5796875 0.040625 0.046875
1 0.8765625 0.634375 0.0515625 0.0484375
1 0.9359375 0.6765625 0.04375 0.046875
1 0.7265625 0.2671875 0.0234375 0.025
1 0.4921875 0.2234375 0.028125 0.0234375
1 0.525 0.2140625 0.025 0.025
1 0.5578125 0.203125 0.021875 0.0265625
1 0.2421875 0.253125 0.0203125 0.021875
1 0.5859375 0.190625 0.021875 0.0265625
1 0.159375 0.31875 0.0234375 0.0203125
1 0.1328125 0.321875 0.015625 0.0171875
1 0.115625 0.3078125 0.0171875 0.0203125
1 0.134375 0.2984375 0.01875 0.01875
1 0.1015625 0.2984375 0.015625 0.0203125
1 0.1125 0.2828125 0.0203125 0.0234375
1 0.0984375 0.26875 0.0140625 0.0203125
1 0.06875 0.259375 0.0140625 0.01875
1 0.06875 0.2359375 0.0125 0.0203125
0 0.0828125 0.275 0.0203125 0.03125
0 0.9484375 0.634375 0.1015625 0.1171875
0 0.603125 0.2921875 0.0296875 0.0359375
0 0.65 0.271875 0.0515625 0.040625