1 0.5453125 0.7984375 0.115625 0.1453125
1 0.3171875 0.3328125 0.071875 0.0921875
1 0.7109375 0.521875 0.0828125 0.1125
1 0.7953125 0.4421875 0.0609375 0.09375
1 0.8484375 0.3828125 0.0546875 0.065625
1 0.8609375 0.4546875 0.053125 0.0765625
1 0.96875 0.321875 0.0375 0.0609375
1 0.3 0.2625 0.05625 0.0640625
1 0.253125 0.221875 0.040625 0.05625
1 0.2234375 0.1921875 0.0375 0.0515625
1 0.19375 0.1625 0.0296875 0.046875
1 0.0890625 0.0765625 0.0234375 0.040625
1 0.1078125 0.090625 0.021875 0.0359375
1 0.171875 0.1453125 0.028125 0.04375