1 0.1796875 0.246875 0.05625 0.078125
1 0.1109375 0.090625 0.040625 0.059375
1 0.2046875 0.1546875 0.0375 0.053125
1 0.2328125 0.175 0.040625 0.059375
1 0.259375 0.2140625 0.05 0.0625
1 0.3046875 0.253125 0.05625 0.0875
1 0.271875 0.3515625 0.059375 0.090625
1 0.9828125 0.2125 0.034375 0.05
1 0.9578125 0.2421875 0.0625 0.046875
1 0.93125 0.3078125 0.053125 0.05
1 0.8921875 0.2734375 0.053125 0.059375
1 0.8515625 0.3203125 0.05625 0.0625
1 0.8859375 0.353125 0.046875 0.071875
1 0.8015625 0.365625 0.059375 0.08125
1 0.840625 0.3859375 0.05625 0.090625