1 0.090625 0.8734375 0.065625 0.059375
0 0.0328125 0.8390625 0.0640625 0.0796875
1 0.25 0.44375 0.0375 0.0796875
1 0.221875 0.4 0.028125 0.0328125
1 0.15 0.325 0.01875 0.021875
1 0.346875 0.4109375 0.028125 0.0390625
1 0.3484375 0.378125 0.0296875 0.04375
1 0.415625 0.3859375 0.034375 0.053125
0 0.4265625 0.4796875 0.0515625 0.065625
1 0.425 0.4453125 0.0328125 0.046875
1 0.515625 0.4765625 0.04375 0.0578125
1 0.16875 0.26875 0.0203125 0.0421875
1 0.2109375 0.3140625 0.025 0.0453125
1 0.2265625 0.2921875 0.0203125 0.040625
1 0.275 0.365625 0.0265625 0.0359375
1 0.278125 0.3375 0.028125 0.0421875
1 0.1203125 0.2640625 0.021875 0.028125
1 0.0953125 0.26875 0.0203125 0.028125
1 0.178125 0.240625 0.0234375 0.0359375
1 0.1265625 0.240625 0.0234375 0.0296875
1 0.096875 0.2390625 0.0203125 0.034375
1 0.0640625 0.2328125 0.0203125 0.03125
1 0.084375 0.2015625 0.0203125 0.0328125
1 0.1171875 0.20625 0.0171875 0.03125
1 0.0609375 0.171875 0.0203125 0.0375
1 0.0421875 0.1796875 0.009375 0.0171875
1 0.0453125 0.2046875 0.0140625 0.0203125
1 0.0203125 0.15625 0.0140625 0.0265625
1 0.6546875 0.56875 0.053125 0.05625
1 0.696875 0.54375 0.04375 0.071875
1 0.7953125 0.665625 0.046875 0.0578125
1 0.6234375 0.290625 0.034375 0.046875
1 0.6421875 0.303125 0.03125 0.03125
1 0.665625 0.3078125 0.03125 0.0296875
1 0.65625 0.275 0.0265625 0.0328125
1 0.6875 0.259375 0.0328125 0.028125
1 0.68125 0.28125 0.028125 0.03125
1 0.7515625 0.24375 0.0296875 0.03125
1 0.796875 0.2078125 0.021875 0.0359375
1 0.84375 0.20625 0.021875 0.021875
1 0.946875 0.153125 0.0109375 0.01875