1 0.8234375 0.6 0.05 0.04375
1 0.8453125 0.65 0.04375 0.046875
1 0.9265625 0.6375 0.046875 0.04375
1 0.6140625 0.2921875 0.025 0.025
1 0.6421875 0.29375 0.021875 0.025
1 0.6484375 0.278125 0.021875 0.025
1 0.1671875 0.575 0.04375 0.0375
0 0.128125 0.6484375 0.109375 0.134375
0 0.1421875 0.3015625 0.040625 0.05625
1 0.0828125 0.253125 0.015625 0.025
1 0.1015625 0.2921875 0.015625 0.021875
1 0.1046875 0.2671875 0.01875 0.0125
1 0.4921875 0.21875 0.025 0.025
1 0.525 0.209375 0.025 0.01875
1 0.5625 0.1953125 0.01875 0.025