1 0.425 0.4390625 0.13125 0.140625
1 0.8359375 0.8546875 0.184375 0.23125
1 0.9 0.728125 0.14375 0.18125
1 0.5875 0.440625 0.134375 0.125
1 0.225 0.2046875 0.065625 0.08125
1 0.28125 0.1828125 0.071875 0.078125
1 0.465625 0.0796875 0.06875 0.071875
1 0.521875 0.109375 0.059375 0.06875
0 0.565625 0.0703125 0.08125 0.08125
1 0.1390625 0.1890625 0.0625 0.08125
0 0.18125 0.1375 0.08125 0.103125
1 0.0953125 0.128125 0.05 0.05625
1 0.128125 0.1140625 0.05 0.04375
1 0.0875 0.078125 0.028125 0.046875
1 0.0765625 0.0625 0.025 0.0375
1 0.05625 0.05 0.025 0.03125