1 0.41875 0.9296875 0.0515625 0.0625
1 0.475 0.9546875 0.0609375 0.0875
1 0.5703125 0.9296875 0.0546875 0.0875
1 0.5328125 0.875 0.05 0.0765625
1 0.478125 0.853125 0.053125 0.0703125
1 0.60625 0.8484375 0.0453125 0.0671875
1 0.6484375 0.7921875 0.0484375 0.0734375
1 0.628125 0.73125 0.040625 0.053125
1 0.6359375 0.678125 0.05 0.059375
1 0.7046875 0.6390625 0.0484375 0.0484375
1 0.9875 0.609375 0.025 0.04375
1 0.153125 0.615625 0.046875 0.0453125
1 0.0609375 0.5671875 0.034375 0.0421875
1 0.040625 0.553125 0.034375 0.040625
1 0.0140625 0.5421875 0.028125 0.046875
1 0.1625 0.571875 0.040625 0.04375
1 0.13125 0.5703125 0.034375 0.0625
1 0.096875 0.565625 0.040625 0.0578125
1 0.2125 0.53125 0.0421875 0.04375
1 0.753125 0.3 0.0171875 0.0296875
1 0.7265625 0.296875 0.021875 0.028125
0 0.24375 0.8171875 0.1390625 0.1890625
0 0.040625 0.9625 0.0796875 0.075
0 0.1421875 0.5359375 0.1078125 0.0734375
0 0.584375 0.7015625 0.0609375 0.0890625
1 0.7 0.725 0.0671875 0.0640625
1 0.125 0.3921875 0.03125 0.0359375
1 0.0859375 0.403125 0.0328125 0.03125