0 0.3453125 0.5625 0.05625 0.078125
0 0.3890625 0.5453125 0.071875 0.09375
1 0.5203125 0.6265625 0.04375 0.05
1 0.1484375 0.9875 0.053125 0.025
1 0.2171875 0.7390625 0.034375 0.040625
1 0.596875 0.6296875 0.046875 0.04375
1 0.615625 0.68125 0.05 0.0625
1 0.2953125 0.5 0.028125 0.034375
1 0.28125 0.4671875 0.03125 0.0375
1 0.5375 0.484375 0.0375 0.04375
1 0.8546875 0.46875 0.03125 0.04375
1 0.9484375 0.746875 0.040625 0.053125
1 0.946875 0.4390625 0.034375 0.0375
1 0.8515625 0.3734375 0.034375 0.040625
1 0.8734375 0.321875 0.025 0.028125
1 0.9578125 0.4046875 0.028125 0.03125
1 0.959375 0.3734375 0.03125 0.028125
1 0.9640625 0.3390625 0.025 0.03125
1 0.9671875 0.3171875 0.03125 0.03125
1 0.7140625 0.3484375 0.028125 0.021875
1 0.7328125 0.3328125 0.025 0.025
1 0.6359375 0.3796875 0.025 0.03125
1 0.6359375 0.31875 0.028125 0.03125
1 0.5875 0.265625 0.021875 0.03125
1 0.4984375 0.3453125 0.034375 0.0375
1 0.6875 0.340625 0.028125 0.040625
1 0.709375 0.3078125 0.028125 0.03125
1 0.721875 0.290625 0.028125 0.028125