1 0.2859375 0.115625 0.06875 0.05625
1 0.5078125 0.525 0.153125 0.178125
1 0.58125 0.4390625 0.128125 0.109375
1 0.7 0.5296875 0.13125 0.15625
1 0.825 0.6328125 0.134375 0.153125
1 0.9453125 0.7390625 0.0875 0.153125
1 0.340625 0.1453125 0.075 0.065625
1 0.2515625 0.153125 0.075 0.05625
1 0.421875 0.0875 0.075 0.040625
1 0.428125 0.109375 0.059375 0.05
1 0.5234375 0.0703125 0.065625 0.040625
1 0.553125 0.0859375 0.05 0.0375
1 0.0359375 0.090625 0.01875 0.028125
1 0.0671875 0.084375 0.0375 0.0375
1 0.0484375 0.1078125 0.034375 0.040625
1 0.065625 0.2109375 0.084375 0.059375
1 0.0734375 0.290625 0.0875 0.059375