1 0.715625 0.390625 0.071875 0.065625
1 0.775 0.93125 0.1375 0.1375
1 0.371875 0.278125 0.0625 0.084375
1 0.4671875 0.1875 0.053125 0.065625
1 0.25625 0.2375 0.0375 0.1125
1 0.321875 0.2203125 0.05 0.06875
1 0.2625 0.1171875 0.040625 0.05
1 0.2390625 0.084375 0.04375 0.053125
0 0.321875 0.0265625 0.05 0.053125
0 0.3609375 0.028125 0.071875 0.05625
1 0.7765625 0.2 0.04375 0.046875
1 0.8765625 0.2234375 0.04375 0.046875
1 0.9046875 0.2234375 0.034375 0.04375
1 0.9265625 0.2234375 0.0375 0.05
1 0.7234375 0.153125 0.04375 0.04375
1 0.86875 0.15625 0.046875 0.040625
1 0.825 0.146875 0.05 0.053125
1 0.640625 0.0875 0.0625 0.05625
0 0.5296875 0.3421875 0.153125 0.13125