1 0.1875 0.5703125 0.05 0.05625
1 0.2234375 0.5796875 0.0484375 0.046875
1 0.2171875 0.784375 0.053125 0.0609375
0 0.05625 0.628125 0.1125 0.14375
1 0.3046875 0.6703125 0.053125 0.0640625
1 0.375 0.6796875 0.0640625 0.0546875
1 0.4921875 0.6375 0.0703125 0.065625
0 0.46875 0.4890625 0.0484375 0.103125
0 0.6328125 0.6359375 0.08125 0.0953125
1 0.784375 0.7625 0.0625 0.075
1 0.865625 0.68125 0.0640625 0.071875
1 0.94375 0.78125 0.0578125 0.065625
0 0.9640625 0.728125 0.071875 0.0765625
1 0.30625 0.3359375 0.034375 0.04375
1 0.50625 0.3453125 0.0484375 0.046875
1 0.721875 0.284375 0.028125 0.0359375
1 0.846875 0.209375 0.021875 0.0328125
1 0.8625 0.18125 0.0234375 0.0265625
1 0.8984375 0.1671875 0.01875 0.034375