1 0.7828125 0.6546875 0.0625 0.059375
1 0.8359375 0.65625 0.0625 0.059375
1 0.8703125 0.728125 0.0625 0.0625
0 0.9171875 0.7140625 0.071875 0.0875
0 0.2859375 0.2328125 0.05 0.05
0 0.09375 0.1921875 0.025 0.034375
1 0.9453125 0.790625 0.05 0.059375
1 0.175 0.278125 0.025 0.025
1 0.14375 0.2671875 0.021875 0.0375
1 0.15625 0.2875 0.025 0.021875
1 0.125 0.2453125 0.021875 0.025
1 0.1578125 0.25625 0.01875 0.025
1 0.1359375 0.23125 0.01875 0.025
1 0.1234375 0.2078125 0.0125 0.01875
1 0.109375 0.2234375 0.021875 0.028125
1 0.5625 0.2125 0.021875 0.025
1 0.5953125 0.2078125 0.025 0.028125
1 0.621875 0.203125 0.028125 0.025