1 0.440625 0.3 0.0390625 0.0796875
1 0.3421875 0.4421875 0.075 0.08125
1 0.15625 0.5109375 0.084375 0.06875
1 0.3015625 0.075 0.040625 0.0375
1 0.190625 0.15 0.0359375 0.05625
1 0.1703125 0.1703125 0.0375 0.0453125
1 0.14375 0.13125 0.03125 0.0484375
1 0.7421875 0.1765625 0.0359375 0.034375
1 0.8453125 0.1828125 0.034375 0.05
1 0.8734375 0.178125 0.0296875 0.05625
1 0.896875 0.1734375 0.0296875 0.05625
1 0.971875 0.2484375 0.04375 0.046875
1 0.6890625 0.13125 0.0421875 0.034375
1 0.8328125 0.1125 0.034375 0.0421875
1 0.584375 0.071875 0.034375 0.034375
1 0.3890625 0.2015625 0.0390625 0.046875
1 0.325 0.2765625 0.0609375 0.0671875
0 0.315625 0.0359375 0.0625 0.071875