1 0.1890625 0.5265625 0.05625 0.059375
1 0.46875 0.4828125 0.0375 0.05625
1 0.8046875 0.74375 0.0625 0.06875
1 0.85 0.7234375 0.053125 0.065625
1 0.9109375 0.778125 0.059375 0.06875
1 0.896875 0.8265625 0.0625 0.059375
1 0.946875 0.871875 0.025 0.046875
1 0.41875 0.340625 0.04375 0.034375
1 0.709375 0.3171875 0.028125 0.03125
1 0.7203125 0.2828125 0.03125 0.04375
1 0.8 0.2578125 0.025 0.03125
1 0.84375 0.2703125 0.025 0.03125
1 0.8421875 0.246875 0.01875 0.028125
1 0.88125 0.23125 0.021875 0.028125
1 0.925 0.21875 0.021875 0.03125
1 0.9734375 0.2109375 0.015625 0.03125
1 0.98125 0.2171875 0.0125 0.021875
1 0.9921875 0.2359375 0.015625 0.021875
0 0.5765625 0.321875 0.059375 0.071875
0 0.2734375 0.25625 0.040625 0.046875
0 0.159375 0.1578125 0.025 0.040625
1 0.2234375 0.30625 0.03125 0.040625
1 0.240625 0.2828125 0.028125 0.0375
1 0.2359375 0.2265625 0.025 0.034375
1 0.3578125 0.196875 0.034375 0.034375
1 0.221875 0.1046875 0.021875 0.025
1 0.2078125 0.09375 0.028125 0.021875
1 0.196875 0.0875 0.015625 0.021875
1 0.1828125 0.0765625 0.025 0.025
1 0.1703125 0.175 0.025 0.0375
1 0.134375 0.1265625 0.025 0.03125
1 0.1109375 0.1078125 0.025 0.0375