1 0.61875 0.60625 0.05625 0.065625
1 0.728125 0.6328125 0.05 0.05
1 0.7703125 0.76875 0.01875 0.06875
1 0.68125 0.91875 0.025 0.09375
1 0.8609375 0.4203125 0.03125 0.025
1 0.884375 0.3671875 0.025 0.034375
1 0.9015625 0.3515625 0.03125 0.05
1 0.9515625 0.484375 0.025 0.03125
1 0.9671875 0.4515625 0.025 0.028125
1 0.9703125 0.4265625 0.021875 0.025
1 0.978125 0.3890625 0.01875 0.028125
1 0.9875 0.3671875 0.025 0.025
1 0.540625 0.484375 0.025 0.05
1 0.38125 0.46875 0.03125 0.028125
1 0.346875 0.4484375 0.028125 0.03125
1 0.3203125 0.428125 0.01875 0.03125
1 0.2953125 0.4125 0.01875 0.03125
1 0.2734375 0.4 0.01875 0.025
0 0.3359375 0.540625 0.05 0.078125
1 0.646875 0.3953125 0.021875 0.028125
1 0.690625 0.3734375 0.028125 0.028125
1 0.7296875 0.371875 0.025 0.0375
1 0.7484375 0.353125 0.025 0.028125
1 0.6578125 0.33125 0.03125 0.025
1 0.65625 0.2921875 0.015625 0.025
1 0.665625 0.284375 0.01875 0.03125
1 0.6921875 0.2890625 0.021875 0.0375
1 0.740625 0.309375 0.025 0.01875
1 0.7796875 0.3109375 0.025 0.025
1 0.7640625 0.29375 0.01875 0.025
1 0.778125 0.275 0.028125 0.021875
1 0.6140625 0.271875 0.01875 0.021875
1 0.634375 0.2546875 0.015625 0.01875
1 0.603125 0.3828125 0.025 0.03125
1 0.71875 0.221875 0.00625 0.0375
1 0.815625 0.2578125 0.0125 0.03125
1 0.8296875 0.2578125 0.015625 0.025
1 0.6515625 0.24375 0.01875 0.025