0 0.565625 0.6625 0.10625 0.11875
0 0.3921875 0.3609375 0.109375 0.08125
0 0.4546875 0.3640625 0.04375 0.059375
0 0.2875 0.415625 0.04375 0.05
0 0.6265625 0.2859375 0.0625 0.046875
1 0.18125 0.315625 0.025 0.034375
1 0.271875 0.3734375 0.034375 0.0375
1 0.3328125 0.3140625 0.034375 0.034375
1 0.7890625 0.6484375 0.053125 0.053125
1 0.7921875 0.265625 0.01875 0.03125
1 0.2765625 0.2734375 0.021875 0.03125
1 0.1453125 0.2765625 0.025 0.0375
1 0.171875 0.275 0.021875 0.028125
1 0.2296875 0.2265625 0.028125 0.034375
1 0.25625 0.24375 0.028125 0.03125
1 0.1625 0.165625 0.01875 0.021875