1 0.2140625 0.3203125 0.0203125 0.046875
1 0.3 0.3265625 0.0375 0.0484375
1 0.1140625 0.8515625 0.0640625 0.078125
1 0.0609375 0.8359375 0.0625 0.075
1 0.1453125 0.2828125 0.0234375 0.0484375
1 0.215625 0.2625 0.0265625 0.04375
1 0.1515625 0.2234375 0.01875 0.034375
1 0.1234375 0.190625 0.0203125 0.028125
1 0.0375 0.1875 0.025 0.01875
1 0.5125 0.340625 0.0453125 0.0359375
1 0.6203125 0.340625 0.0296875 0.0375
1 0.66875 0.3125 0.0296875 0.0375
1 0.6484375 0.3046875 0.028125 0.03125
1 0.678125 0.265625 0.025 0.0328125
0 0.7078125 0.2765625 0.040625 0.0609375
0 0.74375 0.225 0.053125 0.0515625
1 0.740625 0.271875 0.0265625 0.03125
1 0.8171875 0.2 0.0203125 0.028125
1 0.8421875 0.190625 0.0171875 0.0234375
1 0.8671875 0.1765625 0.01875 0.0328125
1 0.9015625 0.1734375 0.015625 0.021875
1 0.8953125 0.1953125 0.0140625 0.021875
1 0.9 0.2109375 0.0171875 0.025
1 0.9328125 0.178125 0.0140625 0.0296875