0 0.3359375 0.528125 0.053125 0.046875
1 0.1890625 0.703125 0.040625 0.05
1 0.11875 0.9765625 0.04375 0.034375
1 0.090625 0.9546875 0.04375 0.0625
1 0.540625 0.490625 0.0375 0.046875
1 0.2296875 0.4703125 0.021875 0.03125
1 0.8546875 0.515625 0.025 0.040625
1 0.875 0.475 0.021875 0.040625
1 0.95 0.49375 0.03125 0.0375
1 0.8625 0.4234375 0.034375 0.0375
1 0.96875 0.4609375 0.028125 0.034375
1 0.890625 0.375 0.025 0.0375
1 0.9015625 0.359375 0.028125 0.040625
1 0.98125 0.403125 0.021875 0.03125
1 0.9859375 0.3765625 0.025 0.03125
1 0.2546875 0.390625 0.01875 0.028125
1 0.2078125 0.353125 0.025 0.028125
1 0.1671875 0.325 0.0125 0.01875
1 0.1015625 0.3234375 0.01875 0.028125
1 0.1328125 0.3171875 0.015625 0.01875
1 0.184375 0.3359375 0.021875 0.028125
1 0.65 0.403125 0.028125 0.0375
1 0.65625 0.33125 0.03125 0.028125
1 0.6046875 0.3859375 0.034375 0.040625
1 0.7015625 0.3609375 0.028125 0.028125
1 0.74375 0.315625 0.021875 0.034375
1 0.8921875 0.2453125 0.028125 0.0375
1 0.9640625 0.240625 0.015625 0.028125