1 0.4265625 0.884375 0.146875 0.16875
1 0.5375 0.559375 0.1125 0.153125
1 0.64375 0.5875 0.1125 0.134375
1 0.734375 0.5125 0.084375 0.11875
1 0.8015625 0.45 0.071875 0.1
1 0.8484375 0.3234375 0.075 0.0875
1 0.9078125 0.4484375 0.0625 0.096875
1 0.859375 0.396875 0.071875 0.078125
1 0.9171875 0.35 0.05 0.078125
1 0.9265625 0.2703125 0.053125 0.071875
1 0.9578125 0.3078125 0.04375 0.078125
1 0.9828125 0.353125 0.034375 0.0875
1 0.990625 0.2671875 0.01875 0.065625
1 0.33125 0.3046875 0.071875 0.109375
1 0.271875 0.246875 0.065625 0.09375
1 0.16875 0.14375 0.04375 0.075