1 0.5953125 0.8625 0.06875 0.1125
1 0.6703125 0.7796875 0.0578125 0.0984375
1 0.7171875 0.7 0.0359375 0.1
1 0.915625 0.778125 0.0640625 0.0890625
1 0.509375 0.953125 0.071875 0.090625
1 0.7390625 0.596875 0.0578125 0.071875
1 0.7140625 0.628125 0.0453125 0.0703125
1 0.6359375 0.571875 0.05625 0.075
1 0.6765625 0.55 0.053125 0.0796875
1 0.609375 0.5109375 0.0546875 0.0734375
1 0.55 0.509375 0.05 0.0671875
1 0.375 0.4796875 0.0484375 0.0703125
1 0.2296875 0.3578125 0.040625 0.0640625
1 0.4015625 0.43125 0.0421875 0.0578125
1 0.45 0.46875 0.0453125 0.0546875
1 0.4984375 0.4703125 0.04375 0.05625
1 0.4421875 0.425 0.0421875 0.053125
1 0.4671875 0.4078125 0.040625 0.0515625
1 0.7 0.3328125 0.0421875 0.0625
1 0.71875 0.328125 0.034375 0.0546875
1 0.7359375 0.3140625 0.0375 0.053125
1 0.765625 0.296875 0.0375 0.0484375
1 0.7796875 0.278125 0.034375 0.0484375
1 0.765625 0.365625 0.0421875 0.06875
1 0.80625 0.35 0.0359375 0.0484375
1 0.8421875 0.3265625 0.0296875 0.0546875
1 0.8703125 0.2984375 0.028125 0.05
1 0.896875 0.28125 0.0328125 0.0453125
1 0.928125 0.2671875 0.0265625 0.053125
1 0.94375 0.2453125 0.0265625 0.05
1 0.11875 0.3578125 0.03125 0.053125
1 0.09375 0.3015625 0.0328125 0.046875
1 0.09375 0.259375 0.0265625 0.053125
0 0.2984375 0.5109375 0.0859375 0.1484375
0 0.2015625 0.4203125 0.0953125 0.1515625
0 0.321875 0.425 0.04375 0.090625
0 0.525 0.4265625 0.0625 0.1140625
0 0.2265625 0.221875 0.0703125 0.078125
1 0.2796875 0.40625 0.0359375 0.05625
1 0.353125 0.4015625 0.04375 0.0578125
1 0.35 0.3578125 0.0359375 0.05625
1 0.3625 0.334375 0.040625 0.0578125
1 0.4 0.39375 0.0390625 0.0453125
1 0.4171875 0.3734375 0.0359375 0.0546875
1 0.915625 0.1953125 0.03125 0.046875
1 0.9625 0.225 0.025 0.0390625
1 0.9578125 0.159375 0.0265625 0.0453125
1 0.9265625 0.1296875 0.025 0.05
1 0.1546875 0.35625 0.0328125 0.05625
1 0.125 0.3234375 0.03125 0.04375
1 0.159375 0.3109375 0.0359375 0.05
1 0.3046875 0.36875 0.0421875 0.0453125
1 0.3 0.334375 0.0359375 0.0546875
1 0.315625 0.309375 0.0375 0.053125
1 0.2640625 0.3328125 0.0375 0.05625
1 0.2671875 0.3 0.034375 0.0484375
1 0.2265625 0.3078125 0.0359375 0.04375
1 0.2609375 0.275 0.034375 0.0421875
1 0.1875 0.26875 0.03125 0.0578125
1 0.1484375 0.2453125 0.034375 0.0484375
1 0.16875 0.215625 0.028125 0.04375
1 0.140625 0.178125 0.028125 0.0484375
1 0.05625 0.1796875 0.015625 0.03125
1 0.075 0.19375 0.0234375 0.0375