1 0.9734375 0.6453125 0.05 0.0625
1 0.771875 0.1734375 0.040625 0.04375
1 0.7234375 0.1703125 0.04375 0.040625
1 0.590625 0.15625 0.05 0.040625
1 0.4875 0.1609375 0.053125 0.05
1 0.4203125 0.1640625 0.05 0.04375
1 0.3578125 0.1671875 0.04375 0.040625
1 0.2015625 0.1890625 0.053125 0.04375
1 0.14375 0.2015625 0.04375 0.04375
1 0.0609375 0.221875 0.040625 0.046875
1 0.0234375 0.2375 0.034375 0.034375
1 0.7796875 0.096875 0.028125 0.0375
1 0.8046875 0.1328125 0.03125 0.04375
1 0.7796875 0.025 0.03125 0.034375
1 0.775 0.2390625 0.03125 0.05625
1 0.6703125 0.2359375 0.028125 0.053125
1 0.6453125 0.234375 0.028125 0.053125
1 0.6140625 0.234375 0.03125 0.05
1 0.58125 0.23125 0.03125 0.053125
1 0.553125 0.23125 0.028125 0.05
1 0.51875 0.2296875 0.034375 0.05
1 0.4875 0.23125 0.025 0.05
1 0.459375 0.2296875 0.025 0.0625
1 0.421875 0.2375 0.03125 0.05625
1 0.39375 0.2390625 0.03125 0.053125
1 0.30625 0.2484375 0.034375 0.053125
1 0.015625 0.30625 0.03125 0.05625
1 0.2734375 0.253125 0.03125 0.05
1 0.240625 0.2578125 0.034375 0.05625
1 0.209375 0.2578125 0.034375 0.05625
1 0.1796875 0.26875 0.0375 0.059375
1 0.1546875 0.271875 0.034375 0.059375
1 0.1296875 0.2765625 0.03125 0.05
1 0.103125 0.28125 0.0375 0.059375
1 0.078125 0.2828125 0.03125 0.059375
1 0.0578125 0.2921875 0.034375 0.05625
0 0.64375 0.3953125 0.059375 0.140625
0 0.7640625 0.4953125 0.159375 0.125
0 0.8359375 0.165625 0.04375 0.078125