1 0.29206349062500003 0.378612715625 0.29365079375 0.36416185 0.28253968125 0.34393063437500004 0.2634920625 0.3381502875 0.2619047625 0.36994219687499996 0.29206349062500003 0.378612715625
1 0.215625 0.3859375 0.0390625 0.0421875
1 0.121875 0.253125 0.01875 0.04375
1 0.084375 0.2578125 0.01875 0.040625
1 0.10625 0.2125 0.021875 0.0421875
1 0.08125 0.1984375 0.0234375 0.034375
1 0.0546875 0.2140625 0.028125 0.0328125
1 0.7796875 0.6578125 0.071875 0.071875
1 0.8171875 0.61875 0.0640625 0.0828125
1 0.8953125 0.7265625 0.0609375 0.0890625
1 0.9828125 0.759375 0.034375 0.0390625
1 0.990625 0.8109375 0.01875 0.0515625
1 0.61875 0.3 0.03125 0.0328125
1 0.653125 0.2796875 0.0328125 0.0375
1 0.6890625 0.2640625 0.03125 0.0375
1 0.7203125 0.2421875 0.028125 0.025
1 0.725 0.265625 0.0328125 0.0328125
1 0.75625 0.234375 0.021875 0.0375
1 0.78125 0.221875 0.015625 0.03125
1 0.8 0.2109375 0.01875 0.028125
1 0.821875 0.1953125 0.021875 0.021875
0 0.7875 0.278125 0.046875 0.0796875