1 0.853125 0.7 0.0765625 0.0953125
1 0.9625 0.79375 0.0625 0.0828125
1 0.5234375 0.584375 0.0640625 0.075
1 0.4921875 0.4625 0.059375 0.0609375
1 0.0703125 0.83125 0.0640625 0.0515625
0 0.034375 0.8953125 0.0671875 0.1140625
0 0.65 0.2921875 0.03125 0.05625
0 0.7859375 0.26875 0.0234375 0.0421875
1 0.4140625 0.35 0.040625 0.040625
1 0.284375 0.3203125 0.0390625 0.0484375
1 0.2234375 0.284375 0.0234375 0.0375
1 0.175 0.2390625 0.021875 0.034375
1 0.1328125 0.2 0.0265625 0.025
1 0.09375 0.171875 0.0171875 0.0296875
1 0.05625 0.16875 0.0234375 0.028125
1 0.046875 0.1828125 0.0171875 0.0296875
1 0.6140625 0.3 0.0328125 0.040625
1 0.721875 0.3390625 0.0265625 0.0375
1 0.6796875 0.278125 0.028125 0.0375
1 0.6703125 0.3140625 0.028125 0.03125
1 0.71875 0.265625 0.0265625 0.0328125
1 0.7015625 0.25 0.021875 0.034375
1 0.825 0.234375 0.015625 0.0328125
1 0.8484375 0.2390625 0.021875 0.0390625
1 0.871875 0.2078125 0.0125 0.0328125
1 0.8890625 0.2171875 0.015625 0.025
1 0.915625 0.2015625 0.0125 0.028125
1 0.9390625 0.1796875 0.021875 0.0375
1 0.959375 0.16875 0.0171875 0.0375