1 0.9032460718750001 0.79198504375 0.9233607781250001 0.7545473 0.926660790625 0.7113214812499999 0.8978596187500001 0.6692611125 0.8333759781250001 0.6621728 0.816641025 0.6782715968749999 0.80891586875 0.7270463312500001 0.856463025 0.762701090625 0.8818046875000001 0.804213525 0.9032460718750001 0.79198504375
1 0.7147872 0.6496399687500001 0.749583778125 0.6426516375 0.7712266999999999 0.6179555062500001 0.7740438875 0.57777810625 0.76531538125 0.554521396875 0.736312675 0.52492868125 0.6770182874999999 0.518662265625 0.658553584375 0.534487096875 0.651995609375 0.564697340625 0.65601768125 0.584083728125 0.71124795 0.627205159375 0.7147872 0.6496399687500001
1 0.597852775 0.48112454062500004 0.6116530874999999 0.40518798437500003 0.59552275 0.383883840625 0.5525602375 0.38645391875 0.544675584375 0.3914549 0.5687703187500001 0.429644946875 0.5692111 0.48283792812500004 0.597852775 0.48112454062500004
1 0.566234415625 0.479241578125 0.570298534375 0.4423865625 0.537756578125 0.3903590375 0.485381196875 0.38518848125 0.46691649375 0.40101331562500003 0.46534623750000004 0.44451310624999996 0.5009866656249999 0.46578245625000003 0.509996459375 0.498458390625 0.566234415625 0.479241578125
1 0.46133284375 0.156387346875 0.41829058437500005 0.13707055625 0.39415380624999996 0.155121909375 0.398457165625 0.183927528125 0.4174844375 0.18694115 0.4522810125 0.17995281875 0.46133284375 0.156387346875
1 0.523645959375 0.110008715625 0.517894134375 0.0903483625 0.5010794375 0.08456028125000001 0.467328253125 0.10733865000000001 0.46567824687500003 0.128951559375 0.484222696875 0.13501360625 0.5168067 0.13079972812500001 0.523645959375 0.110008715625
1 0.5119407687499999 0.08315565625 0.515320528125 0.061816709375 0.502448159375 0.053528140625 0.46149668125 0.06579141875 0.433698859375 0.09576249375 0.428589353125 0.11682747499999999 0.4619374625 0.11898439999999999 0.47175340312499997 0.10178974062499999 0.5119407687499999 0.08315565625
1 0.3997461375 0.1310085125 0.39697099375 0.114944509375 0.383132978125 0.112752784375 0.336790709375 0.1366618125 0.3316812 0.15772679375 0.35320233125 0.1673851875 0.390694303125 0.154573978125 0.3997461375 0.1310085125
1 0.291090753125 0.20129617500000002 0.287551503125 0.178861365625 0.2583472625 0.1617363 0.228458653125 0.160127303125 0.21566603125 0.17372560937499998 0.209590878125 0.20088743125000003 0.22696814375000002 0.22551396562499998 0.2795450625 0.218216871875 0.291090753125 0.20129617500000002
1 0.28373096875 0.147007328125 0.27866350624999997 0.11183090625 0.24559668124999998 0.11909320625 0.22664915625 0.13796645624999998 0.22596479687499998 0.15348252812500002 0.277093246875 0.15533069375 0.28373096875 0.147007328125
1 0.209112396875 0.069566171875 0.20163081875 0.04963185 0.169810925 0.060216534375 0.16470141875 0.0812815125 0.18276304062499998 0.09039198125 0.19306180625 0.070148896875 0.209112396875 0.069566171875
1 0.141929015625 0.20267041562500002 0.142130553125 0.190202765625 0.115621703125 0.16725482187500001 0.07736562500000001 0.173695225 0.068595075 0.206679921875 0.0825128375 0.230758525 0.132595896875 0.21681665625000002 0.141929015625 0.20267041562500002
1 0.13127355937500002 0.057237709375 0.12503891250000002 0.040625774999999996 0.10552881875 0.040660571875 0.09917238125 0.058403165624999996 0.102430346875 0.07141874375 0.127893803125 0.07857665625 0.13127355937500002 0.057237709375
1 0.092736196875 0.05425888125 0.08111075625 0.049292703125 0.072260459375 0.060390521875000006 0.06811659375 0.07535865625 0.076563815625 0.0891961375 0.09828648437500001 0.086386884375 0.092736196875 0.05425888125
1 0.10351778125 0.030967378125 0.096598775 0.029871515625 0.094667484375 0.042065200000000004 0.101586490625 0.0431610625 0.10351778125 0.030967378125
1 0.10593189375 0.015725275 0.088915659375 0.022404846875000002 0.084771796875 0.03737298125 0.094465946875 0.054532846875 0.11341347187499999 0.035659596875 0.10593189375 0.015725275
1 0.07314635625 0.032406803125 0.0679571 0.03158490625 0.06216323124999999 0.06816595625 0.080627934375 0.05234112187499999 0.07314635625 0.032406803125
1 0.64014395 0.090961475 0.6413111312499999 0.072396984375 0.59959555 0.07828945312499999 0.593239109375 0.096032046875 0.6009222249999999 0.10349871875000001 0.63081083125 0.10510771562500001 0.64014395 0.090961475