1 0.815625 0.5703125 0.04375 0.0421875
1 0.86875 0.5953125 0.046875 0.059375
1 0.821875 0.628125 0.0546875 0.0484375
1 0.8125 0.5875 0.0421875 0.0296875
1 0.8828125 0.6359375 0.0484375 0.0421875
1 0.890625 0.6796875 0.0609375 0.05
1 0.94375 0.678125 0.0390625 0.04375
1 0.946875 0.64375 0.0453125 0.0453125
1 0.965625 0.71875 0.0375 0.065625
1 0.9546875 0.9109375 0.0734375 0.0984375
0 0.13125 0.196875 0.0265625 0.034375
1 0.1625 0.31875 0.0203125 0.0265625
1 0.1265625 0.3125 0.0203125 0.0234375
1 0.14375 0.3046875 0.015625 0.0296875
1 0.1125 0.30625 0.0125 0.0296875
1 0.096875 0.2953125 0.0140625 0.021875
1 0.0875 0.278125 0.0125 0.01875
1 0.075 0.2734375 0.009375 0.0265625
1 0.065625 0.2609375 0.0140625 0.0234375
1 0.1109375 0.278125 0.01875 0.0265625
1 0.128125 0.2953125 0.0203125 0.03125
1 0.49375 0.2171875 0.025 0.0203125
1 0.525 0.209375 0.0203125 0.025
1 0.5578125 0.2 0.0171875 0.025
1 0.5890625 0.1921875 0.0296875 0.0265625