0 0.578125 0.4171875 0.18125 0.184375
0 0.7921875 0.5265625 0.240625 0.275
1 0.015625 0.334375 0.03125 0.06875
1 0.090625 0.3203125 0.0875 0.08125
1 0.0875 0.275 0.078125 0.065625
1 0.3359375 0.184375 0.06875 0.059375
1 0.4328125 0.1390625 0.059375 0.059375
1 0.5109375 0.14375 0.059375 0.05625
1 0.465625 0.071875 0.046875 0.046875
1 0.4890625 0.4390625 0.125 0.128125
1 0.228125 0.15 0.075 0.06875
1 0.346875 0.1171875 0.059375 0.05625
1 0.1125 0.175 0.059375 0.06875
1 0.0609375 0.165625 0.04375 0.046875
1 0.0140625 0.1734375 0.028125 0.046875
1 0.0265625 0.14375 0.028125 0.040625