1 0.0859375 0.221875 0.021875 0.04375
1 0.190625 0.24375 0.0375 0.053125
1 0.275 0.3375 0.034375 0.0375
1 0.271875 0.3046875 0.034375 0.0375
1 0.1484375 0.85 0.078125 0.071875
1 0.146875 0.7953125 0.078125 0.06875
1 0.034375 0.921875 0.053125 0.078125
0 0.9203125 0.725 0.159375 0.225
1 0.378125 0.3515625 0.04375 0.046875
1 0.5 0.3421875 0.040625 0.05
1 0.5984375 0.3265625 0.0375 0.05
1 0.5765625 0.3203125 0.0375 0.05
1 0.6546875 0.3171875 0.03125 0.0375
1 0.665625 0.2890625 0.028125 0.0375
1 0.6671875 0.2640625 0.03125 0.03125
1 0.7078125 0.2640625 0.028125 0.040625
1 0.7046875 0.2828125 0.028125 0.040625
1 0.7375 0.2359375 0.034375 0.04375
1 0.7671875 0.284375 0.021875 0.028125
1 0.8546875 0.215625 0.025 0.028125
1 0.7703125 0.23125 0.028125 0.03125
1 0.7640625 0.215625 0.025 0.028125
1 0.7953125 0.221875 0.021875 0.03125
1 0.815625 0.20625 0.01875 0.03125
1 0.8265625 0.190625 0.01875 0.03125
1 0.840625 0.1953125 0.015625 0.021875
1 0.8453125 0.1765625 0.021875 0.03125