1 0.540625 0.959375 0.05 0.08125
1 0.484375 0.94375 0.053125 0.0828125
1 0.44375 0.8875 0.05 0.08125
1 0.35625 0.9828125 0.0453125 0.034375
1 0.5484375 0.8375 0.0390625 0.0640625
1 0.6234375 0.834375 0.05 0.0796875
1 0.675 0.7453125 0.0453125 0.075
1 0.64375 0.725 0.0484375 0.053125
1 0.6234375 0.6859375 0.0296875 0.0453125
1 0.7046875 0.640625 0.0453125 0.046875
1 0.8765625 0.59375 0.05625 0.0578125
1 0.9203125 0.6171875 0.0578125 0.0484375
1 0.9 0.64375 0.05625 0.0484375
1 0.975 0.590625 0.046875 0.0453125
1 0.99375 0.6109375 0.0125 0.0390625
1 0.2703125 0.5265625 0.046875 0.0359375
1 0.1984375 0.5109375 0.04375 0.03125
1 0.1625 0.5703125 0.034375 0.040625
1 0.134375 0.56875 0.025 0.0546875
1 0.109375 0.559375 0.040625 0.046875
1 0.065625 0.5640625 0.0328125 0.0453125
1 0.0359375 0.5515625 0.03125 0.0421875
1 0.0125 0.55 0.0234375 0.04375
1 0.0203125 0.59375 0.034375 0.0421875
1 0.0828125 0.6046875 0.05 0.0546875
1 0.1546875 0.6109375 0.0484375 0.03125
1 0.1265625 0.3921875 0.040625 0.040625
0 0.215625 0.4671875 0.1375 0.075
0 0.95625 0.509375 0.0875 0.1015625