1 0.06875 0.828125 0.053125 0.0625
1 0.046875 0.89375 0.0453125 0.05
1 0.678125 0.5203125 0.0375 0.0484375
1 0.7046875 0.3859375 0.0296875 0.0390625
1 0.7625 0.315625 0.0234375 0.03125
1 0.253125 0.45625 0.0234375 0.05
1 0.2484375 0.4078125 0.03125 0.04375
1 0.2734375 0.4015625 0.0296875 0.040625
1 0.3140625 0.3890625 0.0375 0.0421875
1 0.240625 0.3390625 0.0265625 0.0375
1 0.11875 0.290625 0.0234375 0.040625
1 0.1375 0.2765625 0.021875 0.0296875
1 0.146875 0.253125 0.0203125 0.0328125
1 0.35625 0.240625 0.028125 0.028125
1 0.321875 0.215625 0.0296875 0.03125
1 0.6390625 0.2859375 0.028125 0.03125
1 0.659375 0.2953125 0.028125 0.0296875
1 0.678125 0.309375 0.0265625 0.0296875
1 0.7078125 0.29375 0.025 0.0265625
1 0.6640625 0.275 0.0234375 0.0265625
1 0.8140625 0.23125 0.015625 0.021875
1 0.7734375 0.2203125 0.0234375 0.0234375
1 0.8 0.2078125 0.0171875 0.025
1 0.8203125 0.196875 0.0171875 0.028125
1 0.84375 0.2109375 0.0171875 0.025
1 0.8609375 0.1796875 0.0171875 0.021875
1 0.915625 0.1609375 0.009375 0.0203125
1 0.071875 0.2359375 0.0171875 0.025
1 0.1140625 0.2234375 0.0140625 0.028125
1 0.06875 0.2078125 0.015625 0.0203125
1 0.075 0.1890625 0.0140625 0.0234375
1 0.04375 0.178125 0.0125 0.0203125
1 0.140625 0.1625 0.021875 0.0296875
1 0.1296875 0.1578125 0.021875 0.0265625
1 0.1765625 0.1421875 0.015625 0.0234375
1 0.1625 0.128125 0.0234375 0.01875
1 0.146875 0.1296875 0.015625 0.0171875
1 0.1375 0.1234375 0.0203125 0.0171875
0 0.3578125 0.371875 0.0625 0.075
0 0.1796875 0.3046875 0.0328125 0.0546875
0 0.7078125 0.2609375 0.0265625 0.05625
0 0.746875 0.253125 0.05 0.0640625