1 0.603125 0.49375 0.04375 0.04375
1 0.7265625 0.603125 0.059375 0.0625
1 0.7875 0.6265625 0.053125 0.053125
1 0.7890625 0.6546875 0.0625 0.059375
1 0.8140625 0.61875 0.046875 0.05
1 0.8578125 0.6796875 0.05625 0.053125
1 0.9109375 0.728125 0.05 0.053125
1 0.753125 0.296875 0.025 0.028125
1 0.5265625 0.225 0.03125 0.028125
1 0.559375 0.21875 0.028125 0.028125
1 0.59375 0.2125 0.025 0.028125
1 0.2734375 0.2234375 0.021875 0.025
1 0.6234375 0.203125 0.025 0.028125
1 0.184375 0.278125 0.025 0.021875
1 0.1578125 0.278125 0.01875 0.01875
1 0.1421875 0.2625 0.01875 0.021875
1 0.1609375 0.2546875 0.021875 0.021875
1 0.1296875 0.2515625 0.01875 0.021875
1 0.1421875 0.2375 0.021875 0.025
1 0.1296875 0.221875 0.015625 0.021875
1 0.1015625 0.209375 0.015625 0.021875
1 0.1046875 0.1859375 0.015625 0.021875
0 0.1140625 0.2265625 0.025 0.034375
0 0.928125 0.6875 0.115625 0.128125
0 0.628125 0.30625 0.034375 0.040625
0 0.6765625 0.2921875 0.05625 0.046875