1 0.421875 0.4609375 0.125 0.171875
1 0.64375 0.484375 0.103125 0.1375
1 0.8703125 0.684375 0.1125 0.134375
1 0.2328125 0.2859375 0.071875 0.125
1 0.3328125 0.2859375 0.053125 0.103125
1 0.2734375 0.2265625 0.065625 0.06875
1 0.40625 0.35 0.10625 0.09375
1 0.4140625 0.2765625 0.0625 0.08125
1 0.4953125 0.0984375 0.071875 0.075
1 0.203125 0.1609375 0.065625 0.084375
1 0.1546875 0.221875 0.084375 0.121875
1 0.1015625 0.1546875 0.046875 0.06875
1 0.05625 0.0765625 0.0375 0.075
1 0.0875 0.0625 0.03125 0.05
1 0.121875 0.0875 0.034375 0.06875
1 0.153125 0.1359375 0.040625 0.053125