1 0.884375 0.7640625 0.071875 0.1046875
1 0.4953125 0.359375 0.046875 0.046875
1 0.6390625 0.2765625 0.0390625 0.05
1 0.3328125 0.3671875 0.0375 0.053125
1 0.2609375 0.4921875 0.0625 0.0578125
1 0.0796875 0.5703125 0.059375 0.0578125
1 0.0734375 0.646875 0.0703125 0.0640625
1 0.28125 0.203125 0.028125 0.04375
1 0.1890625 0.146875 0.0296875 0.040625
1 0.0984375 0.075 0.01875 0.028125
1 0.0625 0.0359375 0.021875 0.028125
1 0.721875 0.2359375 0.034375 0.0421875
1 0.6484375 0.1734375 0.0421875 0.0484375
1 0.675 0.1875 0.0328125 0.04375
1 0.6875 0.1625 0.0234375 0.0359375
1 0.709375 0.175 0.0265625 0.034375
1 0.7140625 0.153125 0.03125 0.034375
1 0.7359375 0.171875 0.03125 0.0296875
1 0.740625 0.146875 0.0296875 0.034375
1 0.771875 0.153125 0.01875 0.0296875
1 0.76875 0.1359375 0.0203125 0.03125
1 0.790625 0.140625 0.0234375 0.0359375