1 0.109375 0.5296875 0.04375 0.053125
1 0.16875 0.58125 0.05 0.059375
1 0.2390625 0.5234375 0.040625 0.04375
1 0.390625 0.6171875 0.046875 0.046875
1 0.665625 0.8453125 0.04375 0.071875
1 0.509375 0.971875 0.0875 0.05625
1 0.23125 0.6296875 0.053125 0.05625
1 0.2609375 0.61875 0.05 0.046875
1 0.2265625 0.6625 0.053125 0.059375
1 0.26875 0.7046875 0.059375 0.0625
1 0.309375 0.6859375 0.046875 0.0625
1 0.325 0.6609375 0.05 0.05625
1 0.696875 0.6125 0.053125 0.05625
1 0.7328125 0.6015625 0.05625 0.05625
1 0.7515625 0.59375 0.04375 0.05
1 0.765625 0.65 0.05 0.071875
1 0.8109375 0.64375 0.034375 0.0375
1 0.8515625 0.6265625 0.0375 0.046875
1 0.8828125 0.60625 0.0375 0.053125
1 0.915625 0.5984375 0.0375 0.04375
1 0.940625 0.584375 0.028125 0.046875
1 0.959375 0.5765625 0.025 0.0375
1 0.9390625 0.5375 0.040625 0.04375
1 0.9859375 0.521875 0.028125 0.03125
1 0.9875 0.56875 0.021875 0.040625
1 0.2234375 0.4609375 0.04375 0.040625
1 0.0421875 0.478125 0.040625 0.04375
1 0.03125 0.4390625 0.0375 0.040625
1 0.0484375 0.3890625 0.03125 0.03125
1 0.0328125 0.359375 0.025 0.040625
1 0.084375 0.3875 0.040625 0.040625
1 0.0171875 0.3734375 0.0125 0.034375