1 0.503125 0.525 0.0484375 0.053125
1 0.55625 0.5125 0.046875 0.0546875
1 0.6890625 0.415625 0.028125 0.034375
1 0.7203125 0.3484375 0.0203125 0.0421875
1 0.6640625 0.3171875 0.0265625 0.034375
1 0.4078125 0.4875 0.0453125 0.053125
1 0.4390625 0.4625 0.0484375 0.0609375
1 0.3671875 0.428125 0.034375 0.0390625
1 0.340625 0.446875 0.0421875 0.0421875
1 0.2328125 0.525 0.03125 0.0625
1 0.24375 0.3734375 0.025 0.034375
1 0.2984375 0.38125 0.03125 0.0421875
1 0.340625 0.359375 0.0296875 0.034375
1 0.2421875 0.303125 0.01875 0.021875
1 0.1859375 0.3671875 0.0234375 0.03125
0 0.2359375 0.3265625 0.03125 0.0375
0 0.0484375 0.2 0.0203125 0.0359375
0 0.09375 0.203125 0.0203125 0.028125
0 0.88125 0.6734375 0.0734375 0.10625
1 0.7328125 0.58125 0.0515625 0.0546875
1 0.946875 0.784375 0.0546875 0.059375
1 0.6046875 0.3078125 0.0296875 0.0296875
1 0.634375 0.2921875 0.0265625 0.028125
1 0.66875 0.271875 0.0234375 0.028125
1 0.696875 0.2546875 0.0234375 0.0296875
1 0.7265625 0.240625 0.0234375 0.028125
1 0.7578125 0.225 0.021875 0.0296875
1 0.78125 0.2265625 0.01875 0.028125
1 0.79375 0.2109375 0.021875 0.025
1 0.815625 0.2 0.01875 0.01875
1 0.834375 0.190625 0.0203125 0.025
1 0.8671875 0.1796875 0.0171875 0.0203125
1 0.934375 0.1515625 0.0140625 0.0203125
1 0.05625 0.834375 0.05625 0.0671875
1 0.0359375 0.903125 0.0625 0.0734375
1 0.175 0.2796875 0.021875 0.0359375
1 0.128125 0.3015625 0.025 0.034375
1 0.090625 0.2515625 0.021875 0.03125
1 0.1234375 0.2453125 0.0171875 0.025
1 0.1609375 0.234375 0.021875 0.021875
1 0.2015625 0.2296875 0.0234375 0.0265625
1 0.228125 0.25 0.01875 0.0328125
1 0.3203125 0.2171875 0.03125 0.025
1 0.14375 0.1640625 0.0203125 0.021875
1 0.13125 0.1578125 0.021875 0.021875
1 0.1765625 0.1421875 0.0234375 0.021875
1 0.071875 0.1546875 0.015625 0.01875
1 0.0625 0.1984375 0.0171875 0.0234375