1 0.7171875 0.565625 0.05 0.059375
1 0.7453125 0.55 0.05625 0.05625
1 0.771875 0.540625 0.040625 0.05
1 0.7828125 0.5265625 0.046875 0.05
1 0.796875 0.515625 0.05 0.046875
1 0.815625 0.5125 0.0375 0.05
1 0.790625 0.5796875 0.040625 0.05625
1 0.83125 0.5640625 0.0375 0.0375
1 0.865625 0.54375 0.040625 0.040625
1 0.89375 0.521875 0.034375 0.046875
1 0.9234375 0.5046875 0.0375 0.04375
1 0.9484375 0.4921875 0.0375 0.046875
1 0.9703125 0.4796875 0.03125 0.0375
1 0.9390625 0.4359375 0.034375 0.0375
1 0.9125 0.4 0.03125 0.034375
1 0.9421875 0.390625 0.034375 0.0375
1 0.9734375 0.3734375 0.0375 0.034375
1 0.9875 0.4515625 0.021875 0.046875
1 0.65 0.9546875 0.071875 0.06875
1 0.7046875 0.846875 0.040625 0.078125
1 0.625 0.759375 0.05625 0.065625
1 0.640625 0.7296875 0.0625 0.059375
1 0.7078125 0.7640625 0.0625 0.0625
1 0.7640625 0.75 0.06875 0.0625
1 0.7890625 0.8 0.06875 0.0625
1 0.8703125 0.8296875 0.078125 0.065625
1 0.96875 0.8765625 0.0625 0.071875
1 0.609375 0.6875 0.05625 0.05
1 0.5359375 0.6859375 0.05625 0.05625
1 0.5328125 0.6625 0.05 0.040625
1 0.4765625 0.6671875 0.05 0.040625
1 0.4078125 0.63125 0.05 0.05
1 0.3640625 0.6421875 0.053125 0.046875
1 0.3703125 0.6015625 0.0375 0.040625
1 0.3296875 0.59375 0.0375 0.040625
1 0.2828125 0.6 0.04375 0.046875
1 0.2234375 0.5921875 0.040625 0.040625
1 0.2421875 0.575 0.034375 0.034375
1 0.25 0.5625 0.04375 0.034375
1 0.2 0.5625 0.034375 0.028125
1 0.153125 0.5546875 0.034375 0.0375
0 0.4671875 0.5984375 0.1125 0.1125
0 0.3359375 0.55 0.1375 0.10625
0 0.2015625 0.5234375 0.096875 0.075
0 0.121875 0.496875 0.084375 0.084375
0 0.0203125 0.4671875 0.040625 0.078125
0 0.9546875 0.821875 0.090625 0.14375