1 0.1703125 0.675 0.034375 0.0375
1 0.05625 0.915625 0.05 0.059375
1 0.078125 0.9375 0.0375 0.04375
1 0.40625 0.553125 0.0375 0.04375
1 0.4453125 0.50625 0.03125 0.034375
1 0.5421875 0.49375 0.034375 0.0375
1 0.6171875 0.6328125 0.040625 0.04375
1 0.46875 0.6046875 0.0375 0.046875
1 0.51875 0.64375 0.040625 0.046875
1 0.8359375 0.6453125 0.028125 0.046875
1 0.9515625 0.5375 0.034375 0.0375
1 0.9671875 0.4984375 0.028125 0.0375
1 0.975 0.478125 0.028125 0.034375
1 0.86875 0.4546875 0.034375 0.034375
1 0.9015625 0.4078125 0.025 0.028125
1 0.9109375 0.3953125 0.028125 0.025
1 0.940625 0.446875 0.01875 0.03125
1 0.9640625 0.4140625 0.025 0.021875
1 0.9859375 0.44375 0.021875 0.025
1 0.990625 0.421875 0.01875 0.03125
1 0.74375 0.4 0.03125 0.028125
1 0.7609375 0.3796875 0.025 0.03125
1 0.7171875 0.3796875 0.028125 0.028125
1 0.65625 0.4125 0.03125 0.03125
1 0.5296875 0.3453125 0.03125 0.034375
1 0.68125 0.30625 0.028125 0.034375
1 0.6578125 0.271875 0.028125 0.025
1 0.74375 0.246875 0.01875 0.01875
0 0.3359375 0.528125 0.059375 0.08125
0 0.14375 0.234375 0.021875 0.0375