1 0.5296875 0.6328125 0.04375 0.053125
1 0.5390625 0.4875 0.03125 0.040625
1 0.6125 0.38125 0.028125 0.034375
1 0.6390625 0.3875 0.028125 0.0375
1 0.79375 0.6890625 0.04375 0.046875
1 0.675 0.771875 0.040625 0.071875
1 0.8296875 0.7703125 0.05 0.059375
1 0.9 0.728125 0.046875 0.053125
1 0.9046875 0.8359375 0.05 0.06875
1 0.9734375 0.83125 0.046875 0.05625
1 0.859375 0.4875 0.025 0.0375
1 0.95 0.4578125 0.03125 0.03125
1 0.8515625 0.39375 0.034375 0.034375
1 0.9625 0.4203125 0.028125 0.025
1 0.965625 0.39375 0.028125 0.028125
1 0.878125 0.34375 0.025 0.03125
1 0.8875 0.3265625 0.025 0.028125
1 0.9171875 0.3328125 0.0125 0.028125
1 0.975 0.3625 0.025 0.03125
1 0.971875 0.3328125 0.028125 0.03125
1 0.9359375 0.2796875 0.015625 0.021875
1 0.978125 0.296875 0.021875 0.025
1 0.50625 0.3421875 0.028125 0.03125
1 0.6421875 0.321875 0.025 0.025
1 0.6890625 0.3421875 0.025 0.028125
1 0.7359375 0.3359375 0.028125 0.028125
1 0.7203125 0.3578125 0.03125 0.028125
1 0.7171875 0.3109375 0.025 0.028125
1 0.7265625 0.2953125 0.03125 0.028125
1 0.68125 0.2765625 0.025 0.028125
1 0.64375 0.2828125 0.028125 0.025
1 0.596875 0.2640625 0.028125 0.028125
1 0.6171875 0.2453125 0.021875 0.01875
1 0.7484375 0.271875 0.028125 0.028125
1 0.20625 0.728125 0.0375 0.05
1 0.1359375 0.978125 0.046875 0.04375
1 0.1578125 0.990625 0.046875 0.01875
1 0.2296875 0.49375 0.021875 0.03125
0 0.3421875 0.5546875 0.05625 0.08125
1 0.053125 0.3578125 0.015625 0.021875
1 0.0640625 0.3671875 0.021875 0.021875
1 0.0859375 0.3171875 0.021875 0.021875
1 0.16875 0.2546875 0.021875 0.021875
1 0.1859375 0.2421875 0.01875 0.025