1 0.8359375 0.5953125 0.05 0.053125
1 0.91875 0.646875 0.065625 0.065625
1 0.9171875 0.6109375 0.053125 0.040625
1 0.915625 0.584375 0.05 0.04375
1 0.8171875 0.565625 0.046875 0.046875
1 0.8375 0.546875 0.0625 0.065625
1 0.93125 0.475 0.028125 0.05
1 0.5703125 0.28125 0.028125 0.034375
1 0.465625 0.2203125 0.028125 0.021875
1 0.534375 0.1984375 0.028125 0.025
0 0.13125 0.3390625 0.046875 0.053125
0 0.7484375 0.2046875 0.040625 0.0375
1 0.11875 0.3578125 0.01875 0.028125
1 0.1 0.3453125 0.025 0.028125
1 0.0796875 0.3296875 0.025 0.028125
1 0.0671875 0.315625 0.021875 0.025
1 0.0828125 0.3 0.01875 0.03125
1 0.096875 0.3140625 0.01875 0.025