1 0.0265625 0.75625 0.053125 0.06875
1 0.0078125 0.81875 0.015625 0.05625
1 0.6734375 0.5484375 0.04375 0.053125
1 0.7203125 0.41875 0.034375 0.04375
1 0.7875 0.359375 0.028125 0.034375
1 0.2625 0.41875 0.03125 0.053125
1 0.265625 0.3703125 0.0375 0.046875
1 0.2921875 0.3671875 0.034375 0.04375
1 0.334375 0.3609375 0.04375 0.046875
1 0.26875 0.3 0.03125 0.040625
1 0.15625 0.2328125 0.028125 0.04375
1 0.1765625 0.221875 0.025 0.03125
1 0.1890625 0.2015625 0.025 0.034375
1 0.3984375 0.221875 0.03125 0.03125
1 0.36875 0.190625 0.034375 0.034375
1 0.6703125 0.3109375 0.03125 0.034375
1 0.6890625 0.3234375 0.03125 0.034375
1 0.70625 0.3390625 0.03125 0.034375
1 0.7375 0.328125 0.028125 0.03125
1 0.696875 0.303125 0.028125 0.03125
1 0.8515625 0.284375 0.01875 0.025
1 0.8140625 0.2671875 0.028125 0.028125
1 0.8421875 0.2578125 0.021875 0.028125
1 0.8640625 0.25 0.021875 0.03125
1 0.884375 0.26875 0.021875 0.028125
1 0.90625 0.240625 0.021875 0.025
1 0.9640625 0.2296875 0.0125 0.021875
1 0.11875 0.171875 0.021875 0.028125
1 0.1625 0.1671875 0.01875 0.03125
1 0.1203125 0.14375 0.01875 0.021875
1 0.128125 0.1265625 0.01875 0.025
1 0.1 0.1109375 0.015625 0.021875
1 0.1984375 0.1109375 0.025 0.03125
1 0.1875 0.1046875 0.025 0.028125
1 0.2359375 0.0953125 0.01875 0.025
1 0.225 0.0796875 0.025 0.021875
1 0.209375 0.0796875 0.01875 0.01875
1 0.2015625 0.071875 0.021875 0.01875
0 0.3796875 0.3515625 0.075 0.084375
0 0.2140625 0.25625 0.040625 0.059375
0 0.7421875 0.296875 0.034375 0.059375
0 0.7828125 0.2953125 0.059375 0.071875