0 0.2859375 0.23125 0.096875 0.115625
0 0.384375 0.2953125 0.140625 0.1625
0 0.50625 0.096875 0.096875 0.071875
0 0.5125 0.0421875 0.065625 0.0625
1 0.6421875 0.646875 0.221875 0.253125
1 0.546875 0.4140625 0.109375 0.11875
1 0.6890625 0.478125 0.134375 0.15625
1 0.8515625 0.5875 0.1375 0.175
1 0.9625 0.7296875 0.075 0.190625
1 0.2625 0.3078125 0.084375 0.078125
1 0.0453125 0.2796875 0.090625 0.06875
1 0.0046875 0.175 0.009375 0.05625
1 0.0328125 0.14375 0.0375 0.040625
1 0.2453125 0.190625 0.078125 0.0625
1 0.2625 0.1390625 0.06875 0.053125
1 0.4 0.0890625 0.053125 0.05
1 0.4296875 0.0984375 0.065625 0.05625
1 0.0046875 0.11875 0.009375 0.0375