1 0.090625 0.2140625 0.021875 0.04375
1 0.1953125 0.2390625 0.0359375 0.053125
1 0.278125 0.334375 0.034375 0.0359375
1 0.275 0.3 0.034375 0.0375
1 0.1421875 0.84375 0.0765625 0.0703125
1 0.1421875 0.7890625 0.0765625 0.0671875
1 0.0265625 0.9140625 0.053125 0.078125
0 0.91875 0.7328125 0.1625 0.221875
1 0.38125 0.35 0.04375 0.0453125
1 0.503125 0.3421875 0.040625 0.05
1 0.6015625 0.328125 0.0375 0.0484375
1 0.5796875 0.321875 0.0375 0.05
1 0.6578125 0.3203125 0.0296875 0.0359375
1 0.66875 0.2921875 0.028125 0.0359375
1 0.671875 0.2671875 0.0296875 0.03125
1 0.7125 0.2671875 0.0265625 0.0390625
1 0.7078125 0.2859375 0.0265625 0.0390625
1 0.7421875 0.240625 0.034375 0.0421875
1 0.7703125 0.2890625 0.021875 0.028125
1 0.859375 0.221875 0.0234375 0.0265625
1 0.775 0.2359375 0.028125 0.03125
1 0.76875 0.2203125 0.0234375 0.028125
1 0.8 0.2265625 0.021875 0.0296875
1 0.8203125 0.2125 0.01875 0.0296875
1 0.83125 0.196875 0.0171875 0.03125
1 0.8453125 0.2015625 0.0140625 0.0203125
1 0.8515625 0.1828125 0.021875 0.0296875