1 0.2453125 0.6109375 0.059375 0.0625
1 0.4296875 0.4796875 0.05 0.046875
1 0.3296875 0.3625 0.03125 0.040625
1 0.203125 0.2984375 0.025 0.03125
1 0.1421875 0.2546875 0.01875 0.03125
1 0.096875 0.234375 0.015625 0.015625
1 0.0765625 0.29375 0.015625 0.01875
1 0.08125 0.3265625 0.025 0.028125
1 0.10625 0.34375 0.025 0.0375
0 0.1296875 0.3546875 0.034375 0.053125
0 0.5984375 0.35 0.071875 0.075
0 0.596875 0.253125 0.059375 0.06875
0 0.721875 0.2140625 0.034375 0.046875
0 0.8171875 0.175 0.03125 0.034375
1 0.890625 0.5828125 0.06875 0.0625
1 0.91875 0.475 0.053125 0.053125
1 0.1609375 0.3515625 0.025 0.028125
1 0.6328125 0.2828125 0.03125 0.03125
1 0.61875 0.26875 0.028125 0.03125
1 0.6453125 0.2609375 0.025 0.025
1 0.659375 0.271875 0.021875 0.025
1 0.665625 0.2484375 0.021875 0.025
1 0.6796875 0.259375 0.025 0.028125
1 0.6875 0.2390625 0.01875 0.028125
1 0.7 0.2515625 0.021875 0.025
1 0.721875 0.2375 0.021875 0.028125
1 0.6828125 0.2984375 0.028125 0.034375
1 0.7171875 0.2921875 0.025 0.028125
1 0.71875 0.265625 0.028125 0.0375
1 0.7640625 0.259375 0.028125 0.034375
1 0.803125 0.2359375 0.01875 0.028125
1 0.8453125 0.2203125 0.021875 0.028125
1 0.85 0.1734375 0.015625 0.021875
1 0.4828125 0.2203125 0.028125 0.025
1 0.5140625 0.2078125 0.028125 0.03125
1 0.5484375 0.1921875 0.021875 0.01875