0 0.28125 0.13125 0.053125 0.0625
0 0.4171875 0.2515625 0.103125 0.0875
0 0.934375 0.1625 0.034375 0.04375
1 0.1984375 0.3734375 0.053125 0.05625
1 0.1359375 0.19375 0.025 0.0375
1 0.121875 0.18125 0.021875 0.034375
1 0.48125 0.396875 0.0375 0.065625
1 0.546875 0.484375 0.059375 0.08125
1 0.8421875 0.5734375 0.059375 0.0625
1 0.8765625 0.565625 0.05 0.0625
1 0.953125 0.625 0.05625 0.05625
1 0.975 0.453125 0.046875 0.05
1 0.546875 0.2140625 0.0375 0.04375
1 0.590625 0.2234375 0.03125 0.040625
1 0.615625 0.196875 0.03125 0.034375
1 0.3140625 0.1921875 0.03125 0.028125
1 0.125 0.059375 0.01875 0.021875
1 0.5453125 0.1 0.028125 0.03125
1 0.609375 0.0890625 0.0375 0.0375