1 0.550997934375 0.32747775 0.542657784375 0.28688135312499996 0.5210329625 0.27095991875 0.49680664375 0.27479699062499996 0.48798702812499994 0.27941829375 0.49619794375000004 0.3071375125 0.53422586875 0.330134184375 0.550997934375 0.32747775
1 0.35207616875 0.313842103125 0.32386425937499996 0.29251514375 0.30336506875 0.29576189375 0.30648349375 0.32751209375 0.33842253125 0.348248740625 0.357058159375 0.345297146875 0.35207616875 0.313842103125
1 0.20173627187499998 0.305409490625 0.186440071875 0.2691392375 0.17935478437500002 0.26058820312500003 0.163579115625 0.26953564375 0.16570114687499998 0.294994840625 0.182731678125 0.31809275625 0.200500140625 0.32172733125 0.20173627187499998 0.305409490625
1 0.163431153125 0.20829526562499998 0.17226950000000002 0.25203716875 0.199853978125 0.25734145 0.19251022499999998 0.2230360625 0.163431153125 0.20829526562499998
1 0.18081191875 0.1732983125 0.163541653125 0.172809240625 0.16852364375 0.204264284375 0.18915206874999999 0.21389470937500002 0.201200609375 0.20553758437499997 0.18081191875 0.1732983125
1 0.117321546875 0.17045655312500002 0.127027059375 0.20761228437499998 0.1493898125 0.20407037187500002 0.136953575 0.17379596875 0.117321546875 0.17045655312500002
1 0.08204308437499999 0.188941759375 0.0926157625 0.219511321875 0.10789323125000001 0.207418375 0.09831695 0.183139821875 0.08204308437499999 0.188941759375
1 0.09643465625 0.13507177812499999 0.083887915625 0.140283396875 0.081655384375 0.150310228125 0.095456990625 0.17714396875 0.11495978437500001 0.16760620937499998 0.09643465625 0.13507177812499999
1 0.040029571874999996 0.140781053125 0.047373321875 0.17508644375 0.06873967812500001 0.165253521875 0.0568016375 0.13812461874999998 0.040029571874999996 0.140781053125
1 0.062871790625 0.092021446875 0.05032505 0.097233065625 0.068112246875 0.149230840625 0.083389715625 0.13713789375000002 0.062871790625 0.092021446875
0 0.2663691125 0.050117403125 0.254560303125 0.035865675 0.20933659375000002 0.039803996875 0.21804570937499998 0.07066872187499999 0.24812118437500003 0.091700525 0.2718493 0.08471795 0.2663691125 0.050117403125