0 0.3359375 0.54375 0.059375 0.078125
0 0.1828125 0.3375 0.0296875 0.0359375
1 0.890625 0.834375 0.04375 0.0546875
1 0.103125 0.953125 0.04375 0.0546875
1 0.125 0.978125 0.04375 0.04375
1 0.1890625 0.7078125 0.0328125 0.05
1 0.3734375 0.53125 0.0359375 0.0375
1 0.371875 0.484375 0.025 0.03125
1 0.5375 0.4875 0.0359375 0.0421875
1 0.8609375 0.4984375 0.01875 0.046875
1 0.878125 0.4609375 0.0203125 0.0390625
1 0.89375 0.4375 0.0140625 0.028125
1 0.8625 0.4125 0.0296875 0.0359375
1 0.95 0.484375 0.028125 0.0375
1 0.890625 0.371875 0.0234375 0.0296875
1 0.8984375 0.3515625 0.025 0.0375
1 0.959375 0.3390625 0.0140625 0.0234375
1 0.965625 0.4484375 0.0265625 0.034375
1 0.98125 0.39375 0.025 0.0328125
1 0.9828125 0.3671875 0.0296875 0.028125
1 0.2578125 0.3984375 0.028125 0.0234375
1 0.65 0.4015625 0.0296875 0.040625
1 0.696875 0.3546875 0.025 0.03125
1 0.73125 0.3734375 0.0296875 0.0359375
1 0.7484375 0.3484375 0.021875 0.0375
1 0.740625 0.3046875 0.0328125 0.034375