1 0.6671875 0.559375 0.071875 0.08125
1 0.5609375 0.5640625 0.06875 0.09375
1 0.34375 0.403125 0.05 0.075
1 0.4515625 0.3765625 0.053125 0.053125
1 0.590625 0.353125 0.05 0.06875
1 0.4296875 0.2953125 0.04375 0.046875
1 0.340625 0.2515625 0.0375 0.05
1 0.25 0.23125 0.0375 0.046875
1 0.190625 0.2125 0.034375 0.05625
1 0.1640625 0.3015625 0.03125 0.040625
1 0.25 0.384375 0.046875 0.059375
1 0.1484375 0.3328125 0.03125 0.04375
1 0.08125 0.284375 0.0375 0.040625
1 0.0375 0.2546875 0.0375 0.05
1 0.0546875 0.234375 0.03125 0.053125
1 0.7265625 0.15625 0.040625 0.040625
1 0.628125 0.1734375 0.034375 0.03125
0 0.61875 0.1328125 0.071875 0.0625
0 0.90625 0.7203125 0.134375 0.175
1 0.1125 0.4609375 0.059375 0.05
1 0.05 0.5515625 0.053125 0.0375