0 0.309375 0.2140625 0.0890625 0.109375
0 0.403125 0.2859375 0.1265625 0.153125
0 0.540625 0.0984375 0.090625 0.0640625
0 0.5515625 0.0453125 0.0609375 0.0578125
1 0.628125 0.659375 0.2015625 0.2375
1 0.5546875 0.41875 0.1 0.1109375
1 0.690625 0.4953125 0.121875 0.1453125
1 0.8421875 0.6171875 0.1234375 0.165625
1 0.95625 0.771875 0.0875 0.1828125
1 0.2796875 0.2875 0.0796875 0.071875
1 0.065625 0.240625 0.0859375 0.0625
1 0.021875 0.13125 0.034375 0.0546875
1 0.065625 0.1046875 0.034375 0.0390625
1 0.2734375 0.1703125 0.071875 0.0578125
1 0.2953125 0.1203125 0.065625 0.046875
1 0.4359375 0.08125 0.05 0.046875
1 0.465625 0.09375 0.0609375 0.05
1 0.0296875 0.078125 0.0296875 0.0359375