1 0.2265625 0.428125 0.021875 0.03125
1 0.2328125 0.4484375 0.025 0.03125
1 0.15625 0.2859375 0.015625 0.01875
1 0.5421875 0.4921875 0.034375 0.046875
1 0.56875 0.6203125 0.0375 0.040625
1 0.521875 0.6453125 0.046875 0.05625
1 0.6375 0.7359375 0.046875 0.053125
1 0.7140625 0.73125 0.04375 0.046875
1 0.8109375 0.8671875 0.053125 0.059375
1 0.9015625 0.8671875 0.05 0.053125
1 0.6015625 0.9171875 0.040625 0.075
1 0.175 0.6796875 0.04375 0.04375
1 0.0625 0.9265625 0.05 0.05625
1 0.0859375 0.946875 0.05 0.040625
1 0.371875 0.528125 0.0375 0.04375
1 0.853125 0.5390625 0.025 0.04375
1 0.8953125 0.471875 0.021875 0.03125
1 0.865625 0.446875 0.034375 0.040625
1 0.8984375 0.4015625 0.028125 0.025
1 0.909375 0.3875 0.028125 0.03125
1 0.9515625 0.525 0.028125 0.03125
1 0.9671875 0.49375 0.028125 0.034375
1 0.9859375 0.4359375 0.021875 0.028125
1 0.990625 0.409375 0.01875 0.03125
1 0.65625 0.4140625 0.028125 0.034375
1 0.6140625 0.39375 0.028125 0.0375
1 0.53125 0.3484375 0.028125 0.0375
1 0.6296875 0.2828125 0.028125 0.028125
1 0.653125 0.2703125 0.021875 0.01875
1 0.6703125 0.3421875 0.03125 0.03125
1 0.671875 0.309375 0.028125 0.028125
1 0.7125 0.3046875 0.021875 0.025
1 0.74375 0.346875 0.025 0.025
1 0.715625 0.3765625 0.028125 0.028125
1 0.6984375 0.3953125 0.03125 0.028125
1 0.740625 0.3953125 0.03125 0.03125
1 0.759375 0.3765625 0.025 0.034375
1 0.7546875 0.3328125 0.025 0.021875
1 0.7984375 0.3390625 0.025 0.021875
1 0.7796875 0.3125 0.025 0.025
1 0.7953125 0.2984375 0.03125 0.025
0 0.3375 0.5296875 0.059375 0.084375
0 0.684375 0.6609375 0.065625 0.078125