1 0.5390625 0.4859375 0.053125 0.0765625
1 0.34375 0.3125 0.0515625 0.05
1 0.0296875 0.49375 0.059375 0.05625
1 0.8625 0.559375 0.05 0.078125
1 0.5015625 0.2765625 0.028125 0.0453125
1 0.75 0.15 0.040625 0.053125
0 0.5828125 0.2140625 0.0859375 0.08125
0 0.8828125 0.1390625 0.0421875 0.059375
0 0.3125 0.1875 0.0578125 0.0765625
1 0.39375 0.221875 0.0421875 0.0359375
1 0.115625 0.2234375 0.021875 0.034375
1 0.1390625 0.2125 0.015625 0.0296875
1 0.121875 0.1984375 0.015625 0.025
1 0.0890625 0.2015625 0.01875 0.034375
1 0.103125 0.18125 0.01875 0.0296875
1 0.0765625 0.18125 0.0203125 0.03125
1 0.075 0.1515625 0.0171875 0.0296875
1 0.0515625 0.1578125 0.0171875 0.0265625
1 0.0359375 0.1359375 0.0203125 0.025
1 0.0234375 0.11875 0.0171875 0.0234375
1 0.0171875 0.1 0.01875 0.021875
1 0.009375 0.0828125 0.01875 0.0203125