1 0.1859375 0.565625 0.05 0.05625
1 0.221875 0.575 0.05 0.046875
1 0.2125 0.7796875 0.053125 0.0625
0 0.05625 0.6203125 0.1125 0.146875
1 0.3015625 0.6671875 0.053125 0.065625
1 0.371875 0.678125 0.065625 0.05625
1 0.4890625 0.6375 0.071875 0.065625
0 0.46875 0.4890625 0.05 0.103125
0 0.6296875 0.6375 0.084375 0.096875
1 0.7796875 0.7671875 0.0625 0.075
1 0.8625 0.6875 0.065625 0.071875
1 0.9390625 0.7890625 0.059375 0.065625
0 0.959375 0.7359375 0.071875 0.078125
1 0.309375 0.3328125 0.034375 0.04375
1 0.509375 0.3453125 0.05 0.046875
1 0.725 0.2875 0.028125 0.0375
1 0.8515625 0.215625 0.021875 0.034375
1 0.86875 0.1875 0.025 0.028125
1 0.9046875 0.1734375 0.01875 0.034375