0 0.3328125 0.5265625 0.06875 0.084375
0 0.2015625 0.3046875 0.034375 0.0375
1 0.853125 0.8734375 0.05 0.059375
1 0.0578125 0.909375 0.05 0.059375
1 0.0765625 0.9359375 0.046875 0.046875
1 0.16875 0.6734375 0.0375 0.053125
1 0.3703125 0.5171875 0.040625 0.040625
1 0.3734375 0.4703125 0.028125 0.034375
1 0.5390625 0.4921875 0.040625 0.046875
1 0.859375 0.5359375 0.025 0.05
1 0.8796875 0.5 0.025 0.040625
1 0.8984375 0.4796875 0.015625 0.028125
1 0.8703125 0.4515625 0.034375 0.0375
1 0.9484375 0.53125 0.03125 0.040625
1 0.9015625 0.4140625 0.025 0.03125
1 0.9125 0.39375 0.028125 0.040625
1 0.9734375 0.3875 0.015625 0.025
1 0.96875 0.496875 0.03125 0.0375
1 0.9875 0.4453125 0.025 0.034375
1 0.9890625 0.41875 0.021875 0.03125
1 0.2703125 0.3734375 0.03125 0.025
1 0.659375 0.4171875 0.034375 0.04375
1 0.7109375 0.3765625 0.028125 0.034375
1 0.74375 0.3984375 0.034375 0.0375
1 0.7625 0.375 0.025 0.040625
1 0.759375 0.33125 0.0375 0.0375