1 0.4984375 0.48125 0.05 0.06875
1 0.6609375 0.6 0.059375 0.090625
1 0.784375 0.753125 0.075 0.1
1 0.8796875 0.55 0.053125 0.08125
1 0.7109375 0.440625 0.05 0.059375
1 0.671875 0.4421875 0.05625 0.05625
1 0.5640625 0.3703125 0.05 0.065625
1 0.5640625 0.3359375 0.046875 0.05625
1 0.48125 0.2859375 0.04375 0.046875
1 0.4765625 0.3171875 0.053125 0.053125
1 0.378125 0.303125 0.04375 0.034375
1 0.3421875 0.3546875 0.05 0.05625
1 0.365625 0.4203125 0.05 0.075
1 0.2421875 0.31875 0.0375 0.04375
1 0.296875 0.25 0.046875 0.046875
1 0.3578125 0.24375 0.0375 0.040625
0 0.325 0.196875 0.046875 0.05
0 0.715625 0.246875 0.0875 0.075
1 0.6671875 0.184375 0.028125 0.053125
1 0.6921875 0.178125 0.025 0.03125
1 0.7171875 0.16875 0.028125 0.034375
1 0.690625 0.196875 0.028125 0.034375
1 0.178125 0.228125 0.03125 0.04375
1 0.15 0.2375 0.028125 0.0375
1 0.11875 0.171875 0.028125 0.04375
1 0.0671875 0.140625 0.021875 0.025
1 0.05625 0.125 0.021875 0.025