0 0.5828125 0.6546875 0.096875 0.1078125
0 0.378125 0.3734375 0.103125 0.0703125
0 0.440625 0.3703125 0.0375 0.0546875
0 0.2796875 0.4390625 0.0390625 0.046875
0 0.603125 0.2734375 0.0578125 0.040625
1 0.1640625 0.35 0.021875 0.03125
1 0.259375 0.3984375 0.0296875 0.034375
1 0.3140625 0.3328125 0.0296875 0.0328125
1 0.803125 0.6171875 0.05 0.046875
1 0.765625 0.2359375 0.0171875 0.028125
1 0.2546875 0.2984375 0.0203125 0.028125
1 0.1234375 0.315625 0.021875 0.034375
1 0.15 0.3109375 0.01875 0.0265625
1 0.203125 0.25625 0.0234375 0.03125
1 0.23125 0.2703125 0.025 0.028125
1 0.1296875 0.203125 0.0171875 0.01875