0 0.234375 0.8328125 0.146875 0.1984375
0 0.621875 0.8078125 0.0796875 0.165625
0 0.4796875 0.575 0.065625 0.11875
0 0.7578125 0.534375 0.103125 0.1015625
0 0.0359375 0.484375 0.0703125 0.053125
0 0.0078125 0.5046875 0.015625 0.0703125
1 0.853125 0.5640625 0.053125 0.0546875
1 0.9796875 0.5765625 0.0390625 0.0609375
1 0.55 0.4515625 0.040625 0.046875
1 0.56875 0.5359375 0.0296875 0.06875
1 0.596875 0.4921875 0.0265625 0.046875
1 0.6265625 0.4546875 0.0234375 0.0359375
1 0.65625 0.503125 0.021875 0.034375
1 0.6625 0.4640625 0.0234375 0.0375
1 0.671875 0.4125 0.0234375 0.0390625
1 0.6921875 0.41875 0.0203125 0.0359375
1 0.7046875 0.38125 0.0203125 0.0265625
1 0.7046875 0.45625 0.0203125 0.0328125
1 0.69375 0.546875 0.028125 0.065625
1 0.2734375 0.5296875 0.0515625 0.0359375
1 0.2015625 0.5078125 0.0515625 0.0359375
1 0.1640625 0.56875 0.03125 0.0359375
1 0.1578125 0.6171875 0.0578125 0.0328125
1 0.0859375 0.6015625 0.046875 0.0421875
1 0.025 0.6 0.05 0.05
1 0.0375 0.5484375 0.0359375 0.046875
1 0.065625 0.565625 0.03125 0.0359375
1 0.1015625 0.5609375 0.0328125 0.0453125
1 0.1296875 0.56875 0.0328125 0.0546875
1 0.125 0.39375 0.034375 0.0421875
1 0.084375 0.3984375 0.040625 0.0328125
1 0.575 0.925 0.05625 0.0875
1 0.546875 0.85 0.040625 0.075
1 0.525 0.7890625 0.0546875 0.078125
1 0.48125 0.846875 0.053125 0.071875
1 0.5046875 0.909375 0.053125 0.071875
1 0.459375 0.9625 0.05 0.075
1 0.4359375 0.9015625 0.05 0.071875
1 0.378125 0.9640625 0.071875 0.071875
1 0.5234375 0.9765625 0.046875 0.046875
1 0.540625 0.634375 0.0359375 0.05625