1 0.653125 0.428125 0.046875 0.053125
1 0.665625 0.4125 0.046875 0.0375
1 0.5484375 0.3546875 0.0375 0.0375
1 0.4390625 0.3578125 0.059375 0.04375
1 0.409375 0.4046875 0.0625 0.065625
1 0.325 0.34375 0.046875 0.059375
1 0.4 0.265625 0.040625 0.028125
1 0.7015625 0.2421875 0.025 0.03125
1 0.6671875 0.203125 0.03125 0.0375
1 0.7015625 0.1890625 0.021875 0.03125
0 0.9328125 0.0921875 0.034375 0.028125
0 0.6796875 0.1703125 0.071875 0.059375
1 0.353125 0.2140625 0.0375 0.03125
1 0.1921875 0.2734375 0.03125 0.04375
1 0.140625 0.2265625 0.025 0.034375
1 0.1453125 0.20625 0.025 0.034375
1 0.10625 0.1921875 0.01875 0.021875
1 0.1203125 0.1765625 0.021875 0.034375
1 0.0890625 0.16875 0.015625 0.025
1 0.0765625 0.153125 0.021875 0.03125
1 0.0625 0.1390625 0.015625 0.028125
1 0.05 0.1265625 0.015625 0.021875
1 0.0453125 0.1078125 0.021875 0.028125