1 0.65 0.4234375 0.04375 0.0515625
1 0.6625 0.40625 0.046875 0.034375
1 0.54375 0.353125 0.0375 0.0359375
1 0.434375 0.359375 0.059375 0.040625
1 0.40625 0.4078125 0.059375 0.0640625
1 0.3203125 0.35 0.0453125 0.0578125
1 0.3921875 0.26875 0.040625 0.028125
1 0.6921875 0.2359375 0.0234375 0.03125
1 0.65625 0.196875 0.03125 0.0375
1 0.690625 0.1828125 0.021875 0.0296875
0 0.91875 0.0765625 0.0328125 0.028125
0 0.66875 0.1640625 0.06875 0.05625
1 0.34375 0.21875 0.0359375 0.03125
1 0.184375 0.284375 0.03125 0.04375
1 0.13125 0.2390625 0.025 0.034375
1 0.1359375 0.21875 0.025 0.0328125
1 0.0953125 0.20625 0.01875 0.021875
1 0.109375 0.190625 0.0203125 0.0328125
1 0.078125 0.1828125 0.015625 0.025
1 0.0640625 0.16875 0.0203125 0.0296875
1 0.05 0.1546875 0.015625 0.0265625
1 0.0375 0.1421875 0.015625 0.021875
1 0.03125 0.1234375 0.021875 0.0265625