1 0.7296875 0.5796875 0.14375 0.128125
1 0.9171875 0.7296875 0.128125 0.146875
1 0.6765625 0.73125 0.16875 0.203125
1 0.3484375 0.2015625 0.05625 0.071875
1 0.3390625 0.2703125 0.06875 0.078125
1 0.4734375 0.084375 0.059375 0.053125
1 0.546875 0.1 0.05625 0.05
1 0.5765625 0.08125 0.040625 0.04375
1 0.6125 0.075 0.028125 0.046875
1 0.2546875 0.215625 0.084375 0.078125
1 0.2234375 0.165625 0.071875 0.065625
1 0.1578125 0.1296875 0.053125 0.06875
1 0.125 0.1046875 0.040625 0.0625
1 0.1 0.090625 0.03125 0.046875
1 0.0609375 0.0890625 0.03125 0.05
1 0.0578125 0.0484375 0.021875 0.040625
1 0.1609375 0.0890625 0.040625 0.0375
1 0.0390625 0.2796875 0.040625 0.0625
0 0.309375 0.325 0.146875 0.19375
0 0.2515625 0.1265625 0.0875 0.09375
0 0.0875 0.0609375 0.04375 0.071875