1 0.1171875 0.584375 0.0359375 0.0484375
1 0.1828125 0.6265625 0.04375 0.0546875
1 0.2453125 0.559375 0.0359375 0.040625
1 0.4078125 0.63125 0.040625 0.0421875
1 0.7125 0.81875 0.0359375 0.06875
1 0.5765625 0.971875 0.08125 0.0546875
1 0.2515625 0.665625 0.046875 0.0515625
1 0.2796875 0.6515625 0.0453125 0.040625
1 0.2515625 0.6984375 0.0453125 0.0546875
1 0.3 0.734375 0.0515625 0.05625
1 0.3375 0.7109375 0.0390625 0.05625
1 0.3484375 0.684375 0.04375 0.0515625
1 0.7109375 0.584375 0.046875 0.05
1 0.7453125 0.56875 0.05 0.05
1 0.7625 0.5578125 0.0375 0.0453125
1 0.784375 0.6109375 0.0421875 0.065625
1 0.828125 0.5984375 0.0296875 0.0328125
1 0.865625 0.5765625 0.03125 0.04375
1 0.89375 0.5515625 0.03125 0.0484375
1 0.925 0.5390625 0.03125 0.040625
1 0.9484375 0.521875 0.0234375 0.0453125
1 0.965625 0.5125 0.021875 0.034375
1 0.940625 0.4765625 0.0359375 0.040625
1 0.9859375 0.453125 0.028125 0.0265625
1 0.9921875 0.5 0.015625 0.0390625
1 0.2203125 0.5 0.0390625 0.0359375
1 0.04375 0.5421875 0.034375 0.040625
1 0.0265625 0.5046875 0.03125 0.0375
1 0.0375 0.453125 0.028125 0.0265625
1 0.0171875 0.4265625 0.01875 0.0390625
1 0.0734375 0.446875 0.0375 0.0359375
1 0.0046875 0.4421875 0.009375 0.0328125