1 0.05625 0.1625 0.0140625 0.0265625
1 0.0921875 0.165625 0.0203125 0.028125
1 0.0890625 0.1953125 0.01875 0.0328125
1 0.1828125 0.3046875 0.0234375 0.05
1 0.159375 0.371875 0.03125 0.0640625
1 0.3234375 0.35625 0.034375 0.046875
1 0.5203125 0.3265625 0.040625 0.05
1 0.621875 0.409375 0.046875 0.05
1 0.659375 0.4078125 0.0453125 0.053125
1 0.6625 0.3640625 0.034375 0.04375
1 0.7078125 0.4078125 0.0484375 0.0484375
1 0.7578125 0.5 0.053125 0.0578125
1 0.8078125 0.4953125 0.0453125 0.053125
1 0.903125 0.59375 0.0515625 0.0625
1 0.91875 0.56875 0.053125 0.0578125
1 0.678125 0.190625 0.028125 0.03125
1 0.7109375 0.178125 0.0265625 0.03125
1 0.740625 0.1671875 0.021875 0.0296875
1 0.79375 0.13125 0.025 0.0265625
1 0.5171875 0.0984375 0.021875 0.03125
1 0.5640625 0.0578125 0.0265625 0.025
1 0.5828125 0.0546875 0.021875 0.021875
0 0.1421875 0.2375 0.0546875 0.0875