0 0.634375 0.3015625 0.115625 0.084375
1 0.1234375 0.8375 0.0734375 0.0734375
1 0.084375 0.8140625 0.065625 0.05625
1 0.028125 0.9078125 0.05625 0.084375
1 0.3859375 0.415625 0.0421875 0.0609375
0 0.5578125 0.490625 0.0828125 0.084375
1 0.834375 0.7015625 0.065625 0.0703125
1 0.859375 0.66875 0.053125 0.0796875
1 0.940625 0.7140625 0.0546875 0.084375
1 0.9140625 0.7546875 0.0671875 0.0859375
1 0.071875 0.209375 0.021875 0.0359375
1 0.0984375 0.1921875 0.0140625 0.0203125
1 0.125 0.1859375 0.0203125 0.034375
1 0.64375 0.425 0.04375 0.0453125
1 0.6578125 0.4546875 0.0421875 0.053125
1 0.70625 0.3703125 0.025 0.0359375
1 0.7390625 0.3640625 0.03125 0.040625
1 0.7703125 0.3265625 0.028125 0.0421875
1 0.7421875 0.3109375 0.0234375 0.040625
1 0.8296875 0.2375 0.01875 0.028125
1 0.8640625 0.2328125 0.0171875 0.0296875
1 0.896875 0.203125 0.015625 0.0203125
1 0.925 0.196875 0.0171875 0.0265625
1 0.953125 0.1765625 0.01875 0.028125
1 0.7390625 0.2734375 0.0234375 0.0296875
1 0.715625 0.290625 0.0328125 0.028125
1 0.71875 0.265625 0.028125 0.0296875
0 0.6734375 0.2953125 0.040625 0.0578125