1 0.8203125 0.4078125 0.0578125 0.09375
1 0.8828125 0.340625 0.0453125 0.071875
1 0.9296875 0.2921875 0.0375 0.06875
1 0.9671875 0.2453125 0.0328125 0.05625
0 0.8328125 0.29375 0.1203125 0.1453125
0 0.9828125 0.1796875 0.034375 0.071875
1 0.265625 0.3671875 0.05 0.0875
1 0.2171875 0.3078125 0.046875 0.0734375
1 0.2984375 0.265625 0.059375 0.0765625
1 0.25625 0.2203125 0.0375 0.0609375
1 0.2234375 0.1921875 0.0375 0.0515625
1 0.1984375 0.165625 0.028125 0.0453125
1 0.1515625 0.21875 0.0453125 0.06875
1 0.1703125 0.1484375 0.0296875 0.0484375