1 0.4640625 0.353125 0.09375 0.0953125
1 0.353125 0.4203125 0.096875 0.115625
1 0.3265625 0.2546875 0.0703125 0.0796875
1 0.440625 0.134375 0.0609375 0.05
1 0.440625 0.0984375 0.053125 0.04375
1 0.5015625 0.0703125 0.0484375 0.0484375
1 0.5578125 0.0609375 0.0421875 0.040625
1 0.55 0.1453125 0.05625 0.0515625
1 0.09375 0.2125 0.0453125 0.053125
1 0.146875 0.1875 0.0546875 0.053125
1 0.0140625 0.1234375 0.028125 0.0578125
1 0.03125 0.08125 0.0296875 0.0375
0 0.9 0.6265625 0.196875 0.2578125
0 0.9015625 0.8453125 0.196875 0.309375
0 0.0796875 0.1234375 0.0765625 0.096875
0 0.3984375 0.0859375 0.0890625 0.071875