1 0.068752409375 0.121703496875 0.088014328125 0.163051478125 0.11075454062500001 0.15000716249999999 0.093120178125 0.10844965312499999 0.068752409375 0.121703496875
1 0.164049853125 0.166200859375 0.1943912375 0.202391603125 0.214198859375 0.184057271875 0.18536289687500002 0.146261059375 0.164049853125 0.166200859375
1 0.246913359375 0.4356282875 0.319631921875 0.429115984375 0.31409198125 0.36579416875000004 0.2423263 0.3831979875 0.246913359375 0.4356282875
1 0.308474409375 0.442754978125 0.314197725 0.489360253125 0.3909752125 0.4633435375 0.378579703125 0.41576831875 0.308474409375 0.442754978125
1 0.528511684375 0.33174100625 0.551143415625 0.36452065 0.608627653125 0.3344662625 0.580369721875 0.293838196875 0.528511684375 0.33174100625
1 0.54399135 0.39573410625 0.550857503125 0.47421457812499995 0.58344169375 0.470142621875 0.57925333125 0.394039725 0.54399135 0.39573410625
1 0.5847662875 0.730019271875 0.6762680624999999 0.8346335375 0.7060316156249999 0.788926053125 0.623306378125 0.6905003468750001 0.5847662875 0.730019271875
1 0.7763901093750001 0.23775705 0.791563184375 0.279411609375 0.8392790343750001 0.26006143125 0.8302729125000001 0.21358031875 0.7763901093750001 0.23775705
1 0.91503996875 0.25065511875 0.926219671875 0.28431200625 0.9718178500000001 0.259590921875 0.9623833218750001 0.22704732187499999 0.91503996875 0.25065511875
1 0.688363871875 0.16342964375 0.70696558125 0.17839719999999998 0.7316757875000001 0.15964034062500002 0.7180634 0.1358029125 0.688363871875 0.16342964375
1 0.788519575 0.150495228125 0.820466509375 0.1768078125 0.840395428125 0.159859903125 0.8156749 0.1314349375 0.788519575 0.150495228125
1 0.8211806375 0.13790645625 0.849043175 0.16457637812499998 0.86688114375 0.1519801375 0.8425209625000001 0.12769556875000002 0.8211806375 0.13790645625
1 0.84427696875 0.12893258125 0.874470334375 0.154014334375 0.891945803125 0.13727468125 0.865496828125 0.117344784375 0.84427696875 0.12893258125
1 0.627871125 0.12144983125 0.6503190156249999 0.13331559375 0.673849859375 0.110474003125 0.660477353125 0.089400065625 0.627871125 0.12144983125
1 0.5235543375 0.068010259375 0.550239796875 0.09064320625 0.5714079375 0.059651687499999995 0.554887525 0.04024379375 0.5235543375 0.068010259375
1 0.768953628125 0.08685963437500001 0.79866541875 0.10643693750000001 0.816260515625 0.09106466875 0.7947151781249999 0.070702565625 0.768953628125 0.08685963437500001
1 0.87210949375 0.06115335625 0.904393315625 0.08189946875000001 0.9149676 0.061572484375 0.8846738343749999 0.04476025 0.87210949375 0.06115335625
0 0.22764569687499997 0.027164075 0.28689456562500004 0.08315593437499999 0.31205240624999997 0.060098471875000004 0.286031484375 0.0168099 0.22764569687499997 0.027164075