1 0.267417259375 0.36751639062499997 0.247869775 0.363758728125 0.24961433125000002 0.395542396875 0.2805141625 0.401012971875 0.28058224374999996 0.38647535 0.267417259375 0.36751639062499997
1 0.2046875 0.415625 0.04375 0.046875
1 0.0984375 0.29375 0.021875 0.046875
1 0.0609375 0.303125 0.021875 0.04375
1 0.078125 0.2546875 0.025 0.04375
1 0.0515625 0.24375 0.028125 0.0375
1 0.0265625 0.2625 0.03125 0.034375
1 0.7953125 0.628125 0.078125 0.078125
1 0.828125 0.584375 0.071875 0.0875
1 0.9171875 0.684375 0.06875 0.09375
1 0.99375 0.70625 0.0125 0.04375
1 0.596875 0.2890625 0.034375 0.034375
1 0.6296875 0.265625 0.0375 0.040625
1 0.6640625 0.2453125 0.034375 0.040625
1 0.6921875 0.2203125 0.03125 0.028125
1 0.7 0.24375 0.0375 0.0375
1 0.7265625 0.209375 0.025 0.040625
1 0.75 0.19375 0.01875 0.03125
1 0.76875 0.18125 0.021875 0.03125
1 0.7875 0.1640625 0.025 0.025
0 0.7625 0.25 0.05625 0.084375