1 0.8484375 0.55 0.0625 0.05625
1 0.9171875 0.5671875 0.05625 0.065625
1 0.94375 0.5484375 0.046875 0.0625
1 0.5140625 0.5640625 0.053125 0.04375
1 0.4359375 0.5921875 0.05 0.053125
1 0.6421875 0.8171875 0.053125 0.071875
1 0.621875 0.875 0.053125 0.0875
1 0.5703125 0.9453125 0.0625 0.090625
1 0.53125 0.9140625 0.05 0.078125
1 0.565625 0.84375 0.05 0.0625
1 0.590625 0.8046875 0.046875 0.065625
1 0.496875 0.8640625 0.059375 0.075
1 0.4578125 0.9171875 0.05 0.065625
1 0.4828125 0.975 0.078125 0.05
1 0.3953125 0.9640625 0.078125 0.071875
1 0.2828125 0.9625 0.065625 0.075
1 0.328125 0.8625 0.06875 0.09375
1 0.0203125 0.575 0.028125 0.0375
1 0.040625 0.58125 0.028125 0.040625
1 0.071875 0.584375 0.03125 0.053125
1 0.1703125 0.5875 0.034375 0.0375
1 0.1390625 0.5828125 0.0375 0.0375
1 0.1703125 0.5484375 0.046875 0.03125
1 0.0375 0.540625 0.05 0.0375
1 0.6578125 0.4109375 0.021875 0.034375
1 0.6765625 0.3875 0.01875 0.034375
1 0.715625 0.409375 0.021875 0.034375
1 0.6921875 0.4046875 0.028125 0.03125
1 0.7109375 0.38125 0.01875 0.034375
0 0.3078125 0.775 0.146875 0.178125
0 0.1421875 0.9359375 0.109375 0.128125
0 0.684375 0.621875 0.05625 0.090625
0 0.6375 0.54375 0.15 0.1
0 0.4578125 0.5296875 0.20625 0.09375
0 0.1328125 0.5046875 0.10625 0.084375
0 0.7546875 0.35 0.04375 0.084375
0 0.6921875 0.3609375 0.04375 0.06875