1 0.3796875 0.4796875 0.05 0.059375
1 0.5875 0.596875 0.065625 0.06875
1 0.9390625 0.7640625 0.08125 0.103125
1 0.5078125 0.425 0.046875 0.053125
1 0.4328125 0.4140625 0.04375 0.04375
1 0.428125 0.3734375 0.0375 0.05
0 0.5953125 0.2625 0.0625 0.078125
1 0.63125 0.28125 0.025 0.040625
1 0.6453125 0.25625 0.034375 0.0375
1 0.671875 0.2484375 0.034375 0.0375
1 0.7765625 0.2109375 0.028125 0.034375
1 0.2953125 0.4359375 0.0375 0.046875
1 0.1890625 0.484375 0.04375 0.046875
1 0.0734375 0.5984375 0.059375 0.0625
1 0.2171875 0.39375 0.040625 0.040625
1 0.2078125 0.4265625 0.03125 0.0375
1 0.1703125 0.3890625 0.028125 0.040625
1 0.1625 0.35 0.034375 0.046875
1 0.140625 0.3703125 0.0375 0.040625
1 0.3046875 0.340625 0.028125 0.0375
1 0.1859375 0.2890625 0.025 0.021875
1 0.2046875 0.28125 0.03125 0.028125